1108 1051 88
1 757 1 
1 414 1 
1 908 1 
1 593 1 
1 182 1 
1 6 1 
1 318 1 
1 725 1 
1 412 1 
1 432 1 
1 312 1 
1 732 1 
1 1015 1 
1 35 1 
1 80 1 
1 820 1 
1 639 1 
1 376 1 
1 124 1 
1 909 1 
1 721 1 
1 463 1 
1 741 1 
1 347 1 
1 906 1 
1 250 1 
1 518 1 
1 1002 1 
1 690 1 
1 890 1 
1 201 1 
1 465 1 
1 36 1 
1 833 1 
1 687 1 
1 884 1 
1 984 1 
1 743 1 
1 764 1 
1 993 1 
1 745 1 
1 9 1 
1 276 1 
1 380 1 
1 164 1 
1 761 1 
1 839 1 
1 194 1 
1 903 1 
1 416 1 
1 758 1 
1 844 1 
1 589 1 
1 553 1 
1 831 1 
1 190 1 
1 277 1 
1 240 1 
1 146 1 
1 98 1 
1 1038 1 
1 776 1 
1 342 1 
1 875 1 
1 706 1 
1 761 1 
1 616 1 
1 133 1 
1 350 1 
1 969 1 
1 691 1 
1 969 1 
1 130 1 
1 617 1 
1 558 1 
1 152 1 
1 24 1 
1 748 1 
1 39 1 
1 581 1 
1 537 1 
1 994 1 
1 941 1 
1 1047 1 
1 145 1 
1 120 1 
1 625 1 
1 461 1 
1 38 1 
1 572 1 
1 287 1 
1 899 1 
1 646 1 
1 41 1 
1 603 1 
1 830 1 
1 149 1 
1 893 1 
1 404 1 
1 967 1 
1 953 1 
1 319 1 
1 728 1 
1 1043 1 
1 1050 1 
1 488 1 
1 329 1 
1 749 1 
1 835 1 
1 746 1 
1 494 1 
1 784 1 
1 419 1 
1 542 1 
1 325 1 
1 38 1 
1 75 1 
1 889 1 
1 222 1 
1 236 1 
1 802 1 
1 848 1 
1 248 1 
1 140 1 
1 887 1 
1 608 1 
1 998 1 
1 71 1 
1 1025 1 
1 1028 1 
1 938 1 
1 410 1 
1 97 1 
1 937 1 
1 643 1 
1 718 1 
1 699 1 
1 942 1 
1 165 1 
1 113 1 
1 539 1 
1 447 1 
1 470 1 
1 118 1 
1 439 1 
1 15 1 
1 669 1 
1 469 1 
1 27 1 
1 825 1 
1 293 1 
1 491 1 
1 540 1 
1 826 1 
1 280 1 
1 395 1 
1 423 1 
1 714 1 
1 115 1 
1 876 1 
1 960 1 
1 300 1 
1 368 1 
1 67 1 
1 464 1 
1 958 1 
1 883 1 
1 642 1 
1 41 1 
1 813 1 
1 950 1 
1 154 1 
1 727 1 
1 178 1 
1 173 1 
1 854 1 
1 302 1 
1 939 1 
1 585 1 
1 294 1 
1 106 1 
1 682 1 
1 81 1 
1 352 1 
1 444 1 
1 572 1 
1 249 1 
1 451 1 
1 208 1 
1 189 1 
1 718 1 
1 439 1 
1 306 1 
1 709 1 
1 657 1 
1 805 1 
1 429 1 
1 246 1 
1 1017 1 
1 782 1 
1 824 1 
1 313 1 
1 599 1 
1 806 1 
1 399 1 
1 666 1 
1 850 1 
1 546 1 
1 698 1 
1 829 1 
1 268 1 
1 218 1 
1 478 1 
1 258 1 
1 467 1 
1 712 1 
1 305 1 
1 652 1 
1 37 1 
1 594 1 
1 832 1 
1 759 1 
1 151 1 
1 210 1 
1 1046 1 
1 592 1 
1 205 1 
1 111 1 
1 107 1 
1 335 1 
1 283 1 
1 1044 1 
1 93 1 
1 127 1 
1 359 1 
1 1034 1 
1 401 1 
1 550 1 
1 327 1 
1 91 1 
1 402 1 
1 346 1 
1 94 1 
1 956 1 
1 708 1 
1 791 1 
1 2 1 
1 239 1 
1 926 1 
1 818 1 
1 157 1 
1 891 1 
1 324 1 
1 269 1 
1 711 1 
1 562 1 
1 1033 1 
1 244 1 
1 278 1 
1 54 1 
1 972 1 
1 676 1 
1 203 1 
1 822 1 
1 476 1 
1 431 1 
1 790 1 
1 601 1 
1 452 1 
1 296 1 
1 207 1 
1 284 1 
1 992 1 
1 556 1 
1 7 1 
1 22 1 
1 119 1 
1 338 1 
1 703 1 
1 171 1 
1 29 1 
1 765 1 
1 852 1 
1 474 1 
1 251 1 
1 215 1 
1 578 1 
1 253 1 
1 433 1 
1 46 1 
1 579 1 
1 110 1 
1 653 1 
1 767 1 
1 716 1 
1 148 1 
1 422 1 
1 1018 1 
1 868 1 
1 14 1 
1 573 1 
1 1048 1 
1 137 1 
1 185 1 
1 513 1 
1 634 1 
1 232 1 
1 853 1 
1 16 1 
1 533 1 
1 849 1 
1 888 1 
1 26 1 
1 979 1 
1 273 1 
1 434 1 
1 684 1 
1 768 1 
1 841 1 
1 770 1 
1 535 1 
1 421 1 
1 902 1 
1 307 1 
1 508 1 
1 1001 1 
1 940 1 
1 688 1 
1 559 1 
1 371 1 
1 808 1 
1 199 1 
1 321 1 
1 733 1 
1 365 1 
1 821 1 
1 291 1 
1 792 1 
1 511 1 
1 323 1 
1 1045 1 
1 900 1 
1 740 1 
1 68 1 
1 442 1 
1 591 1 
1 9 1 
1 729 1 
1 292 1 
1 303 1 
1 685 1 
1 1037 1 
1 920 1 
1 673 1 
1 640 1 
1 563 1 
1 927 1 
1 473 1 
1 498 1 
1 405 1 
1 1 1 
1 981 1 
1 753 1 
1 962 1 
1 679 1 
1 226 1 
1 725 1 
1 632 1 
1 780 1 
1 275 1 
1 560 1 
1 341 1 
1 206 1 
1 505 1 
1 751 1 
1 856 1 
1 266 1 
1 496 1 
1 892 1 
1 57 1 
1 279 1 
1 1005 1 
1 801 1 
1 1004 1 
1 34 1 
1 678 1 
1 510 1 
1 988 1 
1 761 1 
1 621 1 
1 221 1 
1 837 1 
1 186 1 
1 872 1 
1 627 1 
1 53 1 
1 382 1 
1 816 1 
1 974 1 
1 41 1 
1 982 1 
1 731 1 
1 545 1 
1 255 1 
1 867 1 
1 101 1 
1 377 1 
1 846 1 
1 565 1 
1 83 1 
1 209 1 
1 141 1 
1 929 1 
1 74 1 
1 458 1 
1 722 1 
1 417 1 
1 512 1 
1 344 1 
1 448 1 
1 123 1 
1 1012 1 
1 394 1 
1 623 1 
1 529 1 
1 968 1 
1 238 1 
1 88 1 
1 64 1 
1 1031 1 
1 214 1 
1 90 1 
1 450 1 
1 778 1 
1 514 1 
1 526 1 
1 1019 1 
1 935 1 
1 366 1 
1 131 1 
1 1042 1 
1 930 1 
1 524 1 
1 44 1 
1 502 1 
1 965 1 
1 683 1 
1 72 1 
1 332 1 
1 367 1 
1 197 1 
1 403 1 
1 363 1 
1 440 1 
1 427 1 
1 1030 1 
1 574 1 
1 100 1 
1 761 1 
1 162 1 
1 923 1 
1 971 1 
1 857 1 
1 636 1 
1 630 1 
1 262 1 
1 552 1 
1 881 1 
1 17 1 
1 877 1 
1 986 1 
1 198 1 
1 918 1 
1 349 1 
1 165 1 
1 961 1 
1 188 1 
1 179 1 
1 156 1 
1 794 1 
1 33 1 
1 30 1 
1 567 1 
1 817 1 
1 702 1 
1 387 1 
1 790 1 
1 143 1 
1 1036 1 
1 60 1 
1 65 1 
1 913 1 
1 237 1 
1 316 1 
1 503 1 
1 610 1 
1 947 1 
1 466 1 
1 118 1 
1 384 1 
1 71 1 
1 374 1 
1 408 1 
1 991 1 
1 78 1 
1 480 1 
1 855 1 
1 426 1 
1 713 1 
1 4 1 
1 311 1 
1 1040 1 
1 528 1 
1 1029 1 
1 747 1 
1 527 1 
1 340 1 
1 270 1 
1 260 1 
1 633 1 
1 436 1 
1 605 1 
1 1000 1 
1 5 1 
1 373 1 
1 3 1 
1 750 1 
1 85 1 
1 111 1 
1 180 1 
1 954 1 
1 211 1 
1 315 1 
1 645 1 
1 257 1 
1 353 1 
1 351 1 
1 144 1 
1 554 1 
1 919 1 
1 977 1 
1 797 1 
1 372 1 
1 170 1 
1 477 1 
1 129 1 
1 661 1 
1 323 1 
1 680 1 
1 1010 1 
1 155 1 
1 507 1 
1 547 1 
1 51 1 
1 11 1 
1 61 1 
1 859 1 
1 600 1 
1 606 1 
1 397 1 
1 549 1 
1 737 1 
1 487 1 
1 604 1 
1 230 1 
1 523 1 
1 158 1 
1 756 1 
1 696 1 
1 587 1 
1 482 1 
1 1039 1 
1 224 1 
1 538 1 
1 804 1 
1 786 1 
1 660 1 
1 499 1 
1 964 1 
1 904 1 
1 172 1 
1 217 1 
1 707 1 
1 202 1 
1 243 1 
1 996 1 
1 649 1 
1 788 1 
1 304 1 
1 314 1 
1 863 1 
1 638 1 
1 375 1 
1 502 1 
1 309 1 
1 655 1 
1 551 1 
1 184 1 
1 390 1 
1 843 1 
1 720 1 
1 69 1 
1 695 1 
1 40 1 
1 31 1 
1 815 1 
1 418 1 
1 76 1 
1 828 1 
1 949 1 
1 705 1 
1 358 1 
1 675 1 
1 486 1 
1 631 1 
1 92 1 
1 166 1 
1 264 1 
1 916 1 
1 607 1 
1 701 1 
1 1021 1 
1 193 1 
1 256 1 
1 955 1 
1 956 1 
1 443 1 
1 639 1 
1 665 1 
1 441 1 
1 662 1 
1 457 1 
1 736 1 
1 686 1 
1 752 1 
1 987 1 
1 819 1 
1 187 1 
1 121 1 
1 337 1 
1 407 1 
1 391 1 
1 647 1 
1 995 1 
1 228 1 
1 959 1 
1 836 1 
1 362 1 
1 134 1 
1 438 1 
1 212 1 
1 943 1 
1 1020 1 
1 389 1 
1 842 1 
1 147 1 
1 531 1 
1 0 1 
1 1041 1 
1 944 1 
1 999 1 
1 677 1 
1 614 1 
1 532 1 
1 314 1 
1 680 1 
1 229 1 
1 925 1 
1 317 1 
1 497 1 
1 392 1 
1 361 1 
1 515 1 
1 32 1 
1 762 1 
1 763 1 
1 936 1 
1 570 1 
1 717 1 
1 534 1 
1 509 1 
1 543 1 
1 310 1 
1 216 1 
1 595 1 
1 241 1 
1 116 1 
1 322 1 
1 586 1 
1 827 1 
1 569 1 
1 924 1 
1 48 1 
1 73 1 
1 583 1 
1 670 1 
1 544 1 
1 139 1 
1 21 1 
1 734 1 
1 364 1 
1 674 1 
1 518 1 
1 381 1 
1 96 1 
1 773 1 
1 356 1 
1 59 1 
1 109 1 
1 459 1 
1 694 1 
1 945 1 
1 196 1 
1 681 1 
1 38 1 
1 400 1 
1 873 1 
1 637 1 
1 710 1 
1 445 1 
1 738 1 
1 700 1 
1 489 1 
1 204 1 
1 561 1 
1 624 1 
1 195 1 
1 865 1 
1 957 1 
1 668 1 
1 220 1 
1 811 1 
1 783 1 
1 370 1 
1 799 1 
1 847 1 
1 522 1 
1 128 1 
1 911 1 
1 795 1 
1 1024 1 
1 793 1 
1 1032 1 
1 585 1 
1 38 1 
1 453 1 
1 1013 1 
1 282 1 
1 1022 1 
1 536 1 
1 774 1 
1 951 1 
1 428 1 
1 13 1 
1 812 1 
1 626 1 
1 912 1 
1 609 1 
1 388 1 
1 177 1 
1 566 1 
1 77 1 
1 948 1 
1 87 1 
1 145 1 
1 386 1 
1 517 1 
1 462 1 
1 584 1 
1 997 1 
1 760 1 
1 1049 1 
1 506 1 
1 446 1 
1 460 1 
1 777 1 
1 122 1 
1 769 1 
1 213 1 
1 437 1 
1 1006 1 
1 95 1 
1 265 1 
1 840 1 
1 723 1 
1 383 1 
1 49 1 
1 798 1 
1 766 1 
1 290 1 
1 946 1 
1 424 1 
1 704 1 
1 479 1 
1 1003 1 
1 420 1 
1 378 1 
1 474 1 
1 409 1 
1 295 1 
1 104 1 
1 1016 1 
1 267 1 
1 602 1 
1 814 1 
1 70 1 
1 800 1 
1 933 1 
1 613 1 
1 99 1 
1 611 1 
1 907 1 
1 167 1 
1 785 1 
1 910 1 
1 163 1 
1 472 1 
1 495 1 
1 516 1 
1 629 1 
1 261 1 
1 130 1 
1 541 1 
1 973 1 
1 301 1 
1 985 1 
1 693 1 
1 656 1 
1 963 1 
1 355 1 
1 357 1 
1 530 1 
1 761 1 
1 456 1 
1 1023 1 
1 242 1 
1 50 1 
1 397 1 
1 225 1 
1 430 1 
1 1011 1 
1 483 1 
1 449 1 
1 235 1 
1 425 1 
1 1009 1 
1 367 1 
1 557 1 
1 86 1 
1 274 1 
1 176 1 
1 46 1 
1 864 1 
1 330 1 
1 789 1 
1 343 1 
1 233 1 
1 735 1 
1 663 1 
1 379 1 
1 245 1 
1 45 1 
1 288 1 
1 597 1 
1 650 1 
1 779 1 
1 234 1 
1 221 1 
1 615 1 
1 61 1 
1 742 1 
1 823 1 
1 435 1 
1 150 1 
1 0 1 
1 980 1 
1 896 1 
1 671 1 
1 298 1 
1 411 1 
1 18 1 
1 692 1 
1 47 1 
1 484 1 
1 181 1 
1 385 1 
1 367 1 
1 117 1 
1 55 1 
1 577 1 
1 520 1 
1 247 1 
1 89 1 
1 138 1 
1 259 1 
1 521 1 
1 126 1 
1 297 1 
1 869 1 
1 596 1 
1 160 1 
1 590 1 
1 132 1 
1 20 1 
1 775 1 
1 519 1 
1 915 1 
1 719 1 
1 159 1 
1 331 1 
1 354 1 
1 348 1 
1 501 1 
1 367 1 
1 897 1 
1 575 1 
1 697 1 
1 393 1 
1 485 1 
1 66 1 
1 114 1 
1 398 1 
1 619 1 
1 413 1 
1 838 1 
1 917 1 
1 492 1 
1 931 1 
1 664 1 
1 475 1 
1 10 1 
1 641 1 
1 680 1 
1 299 1 
1 454 1 
1 1008 1 
1 135 1 
1 618 1 
1 62 1 
1 582 1 
1 328 1 
1 983 1 
1 754 1 
1 654 1 
1 935 1 
1 989 1 
1 555 1 
1 58 1 
1 620 1 
1 689 1 
1 934 1 
1 922 1 
1 9 1 
1 860 1 
1 9 1 
1 771 1 
1 12 1 
1 271 1 
1 79 1 
1 787 1 
1 1014 1 
1 42 1 
1 672 1 
1 219 1 
1 809 1 
1 580 1 
1 153 1 
1 970 1 
1 755 1 
1 84 1 
1 200 1 
1 252 1 
1 845 1 
1 314 1 
1 254 1 
1 223 1 
1 28 1 
1 796 1 
1 23 1 
1 658 1 
1 756 1 
1 730 1 
1 808 1 
1 898 1 
1 9 1 
1 622 1 
1 175 1 
1 333 1 
1 525 1 
1 644 1 
1 43 1 
1 136 1 
1 882 1 
1 82 1 
1 263 1 
1 314 1 
1 871 1 
1 320 1 
1 490 1 
1 102 1 
1 571 1 
1 952 1 
1 568 1 
1 628 1 
1 803 1 
1 990 1 
1 680 1 
1 455 1 
1 880 1 
1 108 1 
1 471 1 
1 314 1 
1 19 1 
1 1026 1 
1 103 1 
1 481 1 
1 112 1 
1 772 1 
1 336 1 
1 914 1 
1 174 1 
1 878 1 
1 339 1 
1 367 1 
1 183 1 
1 874 1 
1 25 1 
1 289 1 
1 177 1 
1 345 1 
1 1035 1 
1 870 1 
1 168 1 
1 52 1 
1 808 1 
1 468 1 
1 807 1 
1 834 1 
1 125 1 
1 726 1 
1 504 1 
1 866 1 
1 105 1 
1 966 1 
1 406 1 
1 901 1 
1 635 1 
1 744 1 
1 272 1 
1 500 1 
1 667 1 
1 285 1 
1 493 1 
1 975 1 
1 231 1 
1 781 1 
1 724 1 
1 564 1 
1 142 1 
1 56 1 
1 102 1 
1 894 1 
1 369 1 
1 588 1 
1 326 1 
1 612 1 
1 851 1 
1 192 1 
1 810 1 
1 415 1 
1 885 1 
1 308 1 
1 895 1 
1 576 1 
1 905 1 
1 169 1 
1 334 1 
1 8 1 
1 651 1 
1 715 1 
1 191 1 
1 928 1 
1 978 1 
1 648 1 
1 381 1 
1 1027 1 
1 598 1 
1 739 1 
1 63 1 
1 114 1 
1 879 1 
1 976 1 
1 360 1 
1 396 1 
1 862 1 
1 1007 1 
1 408 1 
1 659 1 
1 886 1 
1 161 1 
1 227 1 
1 286 1 
1 281 1 
1 932 1 
1 861 1 
1 858 1 
1 921 1 
1 548 1 
11 102 11 114 38 127 2 188 1 364 5 367 2 486 21 590 1 621 4 746 9 1020 7 
76 9 1 15 2 22 1 69 10 76 1 79 7 100 11 107 1 114 3 129 1 138 4 153 1 183 1 189 2 205 1 209 1 213 4 227 1 235 1 257 1 260 1 278 1 282 1 292 1 299 2 301 1 314 10 315 17 318 1 330 1 354 1 367 1 393 1 413 9 439 2 448 1 453 2 477 1 482 2 484 2 496 5 522 2 543 1 571 1 575 1 577 5 580 1 613 1 633 2 638 1 646 1 675 1 683 1 685 1 687 1 690 1 707 7 718 6 734 1 742 1 787 1 810 1 876 1 886 2 897 3 905 8 914 9 923 1 968 1 969 3 977 1 985 1 987 1 988 1 1001 7 1015 1 
60 3 1 9 2 75 1 89 3 114 5 116 1 119 1 137 1 145 2 230 4 237 1 257 1 305 2 322 1 338 15 358 1 367 1 380 1 386 1 424 1 440 2 451 1 466 1 468 1 471 1 482 8 496 9 502 1 503 4 504 1 507 6 513 2 514 1 543 5 593 1 606 3 657 1 695 3 713 1 738 2 741 1 757 5 775 1 778 1 791 2 792 3 810 2 853 1 854 2 863 1 878 5 895 1 897 4 905 1 971 1 977 3 987 2 998 2 1026 12 1046 5 
36 13 1 28 1 104 1 180 2 188 1 199 1 239 1 245 3 257 2 279 1 326 4 354 1 362 1 367 2 385 6 392 1 482 1 503 1 532 13 585 1 634 1 637 1 638 2 683 6 792 1 828 4 898 3 913 17 915 1 972 3 973 1 981 1 995 1 1008 1 1025 3 1031 3 
18 60 2 94 1 114 19 165 5 299 8 364 1 367 6 378 1 422 1 475 1 689 6 735 1 739 1 771 7 881 5 935 1 954 2 1020 2 
75 37 4 52 1 71 6 79 1 87 15 114 1 117 2 128 4 138 4 162 1 177 4 182 4 193 1 203 1 214 1 224 1 225 1 232 1 250 4 263 1 314 3 324 1 349 1 356 1 365 5 367 2 407 1 412 1 421 23 437 5 438 3 444 1 454 2 456 1 472 1 482 2 484 1 503 1 507 6 544 3 551 1 570 1 572 2 620 3 624 1 630 4 675 1 678 1 698 1 749 4 757 1 761 16 790 1 791 3 817 2 822 1 827 1 838 4 854 6 869 2 877 1 897 4 898 1 903 1 908 2 921 1 927 1 969 3 970 1 974 1 977 1 978 1 983 1 1018 1 1034 5 
68 9 2 13 1 23 1 30 1 35 1 47 1 49 2 51 6 79 1 80 1 83 1 87 6 88 1 89 4 99 2 107 1 114 1 127 2 138 6 145 1 153 1 165 2 206 1 259 1 263 1 285 12 301 1 334 1 367 2 371 1 400 1 434 3 438 8 461 26 472 1 482 1 507 8 543 1 567 1 577 6 606 2 620 2 633 7 639 1 717 1 741 1 749 5 751 1 759 7 776 1 790 2 791 6 793 2 804 1 838 2 856 7 865 1 895 2 897 1 905 3 919 1 977 1 1010 2 1014 2 1022 1 1027 1 1032 1 1039 1 
41 23 1 26 1 29 28 79 1 91 1 133 1 157 1 171 1 199 1 244 1 264 1 268 1 284 1 300 1 316 1 352 1 367 1 409 1 435 1 443 1 482 11 491 1 507 2 540 2 573 2 596 1 698 2 707 37 715 1 743 8 749 3 755 6 801 1 882 1 888 3 925 1 941 1 948 1 954 1 977 1 1019 1 
13 78 1 144 3 188 1 331 2 336 1 431 1 447 1 521 4 561 2 564 2 730 1 815 1 883 1 
23 10 1 31 2 64 1 111 6 280 1 290 1 367 2 441 12 452 1 484 1 488 1 498 1 581 5 594 1 612 1 698 8 702 1 717 1 792 1 803 8 872 1 890 1 985 1 
21 37 2 39 6 62 1 200 1 303 1 367 3 440 1 448 3 554 3 621 2 643 1 729 1 735 9 749 3 755 6 790 32 791 24 857 4 860 6 888 1 963 18 
77 27 1 49 1 56 1 69 1 80 1 85 3 86 1 89 2 99 1 103 1 137 5 140 3 152 1 174 2 180 1 190 2 250 1 301 1 315 2 319 3 321 1 333 1 367 2 388 1 411 3 461 3 467 3 475 2 489 1 498 1 507 1 532 45 534 1 543 3 563 2 569 1 570 5 572 2 573 1 580 1 583 1 589 1 598 1 615 1 616 1 626 1 639 2 640 1 669 1 704 1 727 1 749 1 755 1 756 1 761 1 786 2 822 2 851 1 860 2 862 1 878 1 882 1 891 1 901 3 911 1 915 1 936 1 940 1 946 1 969 2 974 1 977 3 1004 1 1010 1 1015 3 1016 1 1047 1 
2 9 11 367 7 
53 35 1 45 1 83 1 108 7 122 1 145 2 147 2 153 1 169 1 191 1 262 1 274 2 298 2 299 3 314 11 315 5 323 2 325 1 345 1 352 1 355 1 364 1 367 1 373 1 423 1 438 1 449 1 453 1 470 1 496 9 514 1 575 2 582 6 596 1 612 1 633 1 636 1 695 1 738 8 749 2 787 1 813 1 867 1 897 4 898 3 914 2 957 2 977 2 1005 1 1010 1 1015 1 1022 1 1024 1 
60 7 1 34 1 45 1 79 1 87 1 99 1 114 1 132 1 134 1 145 3 158 1 165 1 186 6 199 1 203 2 243 1 263 2 264 1 274 4 293 1 318 4 329 1 332 2 367 2 368 1 370 1 397 1 413 1 417 1 435 8 465 1 493 1 507 2 509 2 582 3 603 1 608 1 609 1 615 1 625 1 635 5 642 1 725 1 754 2 756 2 770 1 778 1 782 1 823 1 857 10 910 1 917 1 923 2 942 1 945 1 976 1 977 2 1010 1 1024 1 1040 2 
10 54 1 178 16 312 1 367 14 420 14 564 1 595 1 596 1 745 1 766 1 
14 33 1 215 1 250 2 383 1 495 1 653 1 659 7 667 3 678 1 792 3 822 1 902 1 904 2 972 3 
16 49 1 165 8 177 1 223 1 254 1 268 1 292 3 364 3 367 8 448 3 452 3 482 9 511 1 621 4 654 1 834 2 
72 3 1 5 1 12 1 33 2 40 1 42 1 47 7 71 1 76 1 84 1 92 3 122 1 145 1 161 1 169 1 175 1 176 1 189 1 203 1 208 1 250 6 271 1 277 1 285 11 299 2 314 25 315 10 355 3 356 1 364 1 366 1 367 2 382 5 393 1 404 2 440 1 442 1 460 1 492 2 499 2 507 1 518 5 523 4 542 1 543 10 576 1 615 1 619 1 630 2 639 1 658 2 661 1 666 1 710 1 741 1 749 4 761 18 790 4 793 1 825 7 859 1 861 1 888 2 897 1 902 1 908 2 914 10 968 1 1001 7 1005 1 1021 1 1025 4 
66 0 14 9 1 37 2 76 3 89 3 98 1 99 2 114 6 138 2 145 1 157 1 159 1 165 2 176 1 196 1 216 1 219 1 232 1 255 1 258 10 270 1 281 1 352 2 367 1 387 1 400 1 436 1 437 2 438 7 439 1 459 1 482 2 501 1 539 2 552 1 565 1 581 2 584 1 614 2 633 1 648 1 659 50 671 1 675 1 681 1 711 1 713 1 782 1 784 1 786 1 791 1 792 3 859 1 870 1 873 1 897 3 932 1 992 2 993 5 994 3 1001 1 1007 1 1009 1 1013 2 1015 1 1030 1 
33 38 21 65 7 221 1 275 1 283 24 311 34 343 1 381 4 406 10 408 10 416 1 437 1 458 3 464 1 530 1 532 1 538 1 547 2 562 15 651 1 665 1 707 2 743 2 761 1 818 6 842 1 844 1 871 1 900 1 908 1 956 4 975 6 1049 1 
2 769 3 881 5 
48 35 1 37 1 57 1 87 7 114 5 122 1 138 4 139 2 165 2 169 2 199 2 274 3 285 2 297 1 300 2 304 1 314 7 347 1 353 1 367 1 372 1 403 1 448 2 499 2 507 1 517 1 579 6 605 5 627 1 635 2 659 7 675 1 738 5 749 1 762 1 792 1 798 2 885 2 893 1 939 1 953 1 973 1 977 4 980 1 989 1 994 6 1030 1 1043 2 
9 188 1 364 1 463 1 483 3 511 1 590 2 607 4 696 2 766 1 
21 96 1 116 1 155 1 195 1 360 1 361 7 412 1 467 4 485 1 519 1 523 1 536 1 566 5 639 3 662 4 663 3 681 1 697 5 744 1 922 8 973 1 
2 447 1 776 1 
25 45 5 114 2 123 1 145 5 165 8 197 1 237 2 272 1 325 1 365 8 367 9 390 2 452 2 475 2 597 1 621 7 641 21 663 17 668 7 721 34 741 1 749 3 776 1 792 2 985 8 
81 5 1 13 1 33 3 35 1 51 3 63 1 69 1 71 3 80 1 92 2 98 6 136 2 145 1 148 2 154 1 165 2 180 1 194 1 202 1 226 1 236 1 244 2 255 2 269 1 285 7 315 1 340 1 372 1 384 1 397 1 427 2 439 3 453 2 461 1 469 1 472 1 482 7 487 1 496 3 507 2 543 2 570 1 596 1 598 5 614 1 629 1 638 1 668 3 670 1 675 1 681 3 690 1 698 1 699 2 718 8 732 1 741 3 743 2 754 1 759 22 761 2 808 2 827 1 845 1 847 1 852 1 865 1 868 1 875 11 889 1 894 1 897 3 906 1 918 6 928 1 940 1 997 1 1002 2 1015 3 1032 1 1035 1 
55 3 2 5 1 49 3 50 1 54 1 80 1 99 1 107 2 160 1 165 1 167 1 189 2 210 1 231 1 285 7 301 1 307 4 319 2 367 1 374 1 394 1 444 3 482 2 507 2 510 1 543 2 573 9 575 2 584 2 597 1 614 1 638 3 659 46 664 1 684 4 714 1 716 1 768 1 786 1 820 2 845 2 859 1 867 5 884 4 908 1 965 1 974 2 977 2 991 1 994 2 1001 5 1015 1 1027 2 1030 1 1034 1 
19 36 1 73 2 135 3 173 1 221 5 406 5 416 3 428 2 458 4 618 1 631 14 651 3 701 1 797 1 835 4 924 6 933 1 943 6 1049 4 
2 445 1 840 1 
39 48 1 106 1 114 9 137 1 223 3 274 1 294 1 297 1 329 1 367 2 384 7 502 1 518 28 573 3 619 1 652 1 663 25 666 1 725 1 727 1 749 5 779 1 786 1 792 2 810 1 827 1 880 1 884 4 893 1 895 1 896 1 902 1 905 1 941 1 950 1 996 1 1043 1 1045 1 1048 1 
8 123 2 399 1 483 3 730 2 769 1 888 14 899 1 935 4 
7 18 1 20 1 306 1 309 1 396 1 726 8 1037 1 
8 45 4 54 1 165 13 313 1 367 7 447 2 721 30 769 1 
86 9 2 49 1 69 4 114 8 133 1 145 5 169 1 216 1 226 1 274 4 285 6 298 6 303 1 314 21 315 8 327 2 355 1 367 1 368 1 376 32 390 1 393 1 402 1 404 1 409 1 413 7 414 1 437 1 439 2 452 1 462 1 482 2 492 2 498 2 499 1 504 1 507 2 539 1 540 2 553 2 557 1 570 5 596 1 597 1 599 1 629 1 644 1 647 1 659 9 674 1 677 1 685 1 733 1 738 1 743 7 749 2 757 1 759 13 783 1 786 1 791 2 796 1 820 1 841 1 845 1 878 4 884 3 886 1 897 4 904 1 906 1 910 1 912 2 937 1 969 2 972 2 973 1 974 1 977 3 983 1 996 1 997 1 1001 4 1003 1 1015 2 1046 4 
59 3 1 28 3 30 4 84 1 87 1 137 2 138 6 177 3 179 1 189 2 230 1 240 1 255 1 277 1 280 1 315 10 367 2 424 1 437 18 460 1 481 1 495 1 506 1 518 2 532 10 535 3 555 1 576 1 580 1 645 2 658 1 703 1 738 4 740 32 749 7 764 1 810 1 820 1 823 1 837 6 847 2 869 3 887 1 904 1 920 1 922 6 959 1 964 1 969 1 972 1 974 1 986 4 987 1 994 3 996 1 1015 1 1038 1 1040 1 1045 2 
6 36 1 173 2 416 5 602 1 631 14 1049 1 
50 2 2 17 1 23 1 107 1 114 3 122 1 142 1 166 1 169 1 177 4 214 2 226 1 245 13 274 1 299 1 317 1 322 2 364 1 413 9 419 1 432 1 467 6 502 2 510 1 513 2 525 3 566 2 567 2 575 1 588 1 609 1 661 1 679 4 710 1 799 1 808 6 878 4 884 1 920 1 923 1 931 1 937 1 940 2 942 1 944 1 972 1 977 2 994 4 1013 1 1048 1 
4 114 1 313 1 730 1 769 4 
12 32 1 123 1 313 1 367 7 463 1 516 1 527 1 636 1 689 2 810 2 1010 1 1020 4 
8 21 4 212 2 302 1 410 1 728 1 747 3 771 3 788 1 
24 18 1 20 1 102 5 120 1 121 1 130 3 168 1 277 5 289 1 295 1 306 1 309 2 379 19 396 1 632 4 672 1 726 12 805 1 807 1 821 1 831 2 926 1 1037 2 1050 2 
48 3 1 5 1 13 3 49 1 66 1 76 3 98 2 114 1 117 3 138 3 142 1 145 2 179 1 189 1 199 1 226 3 232 2 237 1 247 2 260 1 327 2 332 2 367 1 392 1 404 1 409 1 413 2 414 1 473 1 482 4 539 2 549 1 660 1 720 1 760 1 869 1 878 4 897 1 942 1 951 1 952 1 972 1 977 5 983 1 992 1 998 6 1001 4 1029 1 
1 767 6 
55 4 1 45 2 71 2 85 4 107 2 127 1 146 1 153 1 165 2 179 1 181 1 185 1 251 1 264 2 285 1 287 2 294 1 299 3 325 1 339 5 367 3 389 1 390 1 434 1 475 1 499 2 507 4 518 2 537 1 548 1 573 6 578 1 600 1 603 1 633 10 659 61 662 3 683 7 713 1 755 3 764 1 792 1 843 1 885 1 893 2 905 3 922 1 928 1 939 3 994 1 1001 1 1003 1 1024 1 1031 2 1043 1 
18 45 5 46 61 165 14 341 1 364 8 367 16 482 12 564 1 641 41 689 12 723 6 741 8 790 18 881 4 888 3 951 1 985 2 1010 1 
79 30 1 47 6 53 1 76 3 80 1 85 8 98 1 107 2 111 15 114 12 128 2 140 2 145 3 164 1 189 2 216 1 248 2 266 1 276 5 280 1 299 2 315 15 357 1 364 2 367 1 369 1 372 1 401 2 424 1 437 2 448 2 453 1 457 1 472 1 482 1 484 1 500 1 501 1 507 1 529 1 533 1 543 2 544 5 560 1 567 1 596 1 597 1 624 9 633 1 634 1 647 1 662 4 674 1 702 2 707 16 709 2 718 2 743 7 749 3 755 1 778 1 780 1 784 1 787 1 790 7 794 1 820 1 828 1 863 1 875 1 906 2 974 1 979 1 985 1 994 2 998 1 1017 1 1032 2 1041 2 
60 9 1 47 13 49 2 71 1 85 6 98 6 99 1 103 1 110 1 114 8 138 3 145 1 150 1 203 1 220 1 247 3 334 3 367 1 389 1 438 2 450 1 469 1 472 1 476 1 487 1 506 1 507 8 553 1 583 1 586 1 604 2 622 2 668 1 673 1 708 2 709 3 790 2 791 1 812 2 829 1 832 1 845 1 849 1 869 1 893 1 897 1 910 1 925 1 928 1 940 1 969 1 990 1 994 2 998 1 1001 1 1010 1 1034 5 1036 1 1043 2 1044 1 
45 44 1 114 1 153 1 165 1 230 4 246 1 274 2 277 2 284 1 314 47 351 1 367 2 368 1 437 3 438 4 440 3 446 1 475 1 477 1 482 1 496 7 499 1 509 1 664 4 666 2 671 1 676 1 705 1 713 1 748 1 749 2 764 3 793 3 796 1 843 1 878 1 888 1 903 1 904 3 905 2 942 1 977 2 996 1 999 1 1010 2 
8 78 2 144 2 254 8 273 4 515 1 521 4 596 1 815 1 
31 82 1 136 1 138 2 149 3 159 1 177 4 187 1 249 1 252 1 258 6 265 1 271 1 296 1 297 1 413 5 440 2 449 2 480 2 482 4 515 1 528 1 582 10 611 1 642 1 660 1 741 2 786 1 795 1 829 3 846 3 942 2 
20 45 6 46 34 114 7 145 4 165 4 234 8 285 1 364 9 367 8 398 1 482 17 543 4 596 2 610 6 641 68 721 9 771 23 792 4 1000 1 1045 2 
86 34 1 45 2 47 9 49 1 58 7 93 1 98 2 104 1 114 3 117 3 124 1 133 2 138 1 145 4 147 1 172 1 186 1 189 1 194 1 213 1 217 1 228 4 240 1 250 1 253 3 257 1 276 3 293 3 308 1 315 6 334 1 348 4 367 1 373 1 413 3 439 1 441 1 444 1 447 1 455 1 467 5 474 2 481 2 507 1 512 1 529 1 544 3 554 2 572 3 579 3 580 3 587 1 604 6 611 1 615 1 629 2 633 4 634 1 668 4 669 2 675 3 684 4 693 1 709 1 725 1 727 1 737 1 749 3 761 1 793 1 802 1 804 1 824 1 875 5 897 1 907 1 923 1 930 3 940 1 969 3 971 1 992 1 998 4 1010 1 1015 3 1028 1 
64 3 1 26 4 43 1 45 1 59 1 77 1 87 1 138 4 145 1 158 1 189 1 211 1 213 6 216 1 219 1 223 1 237 1 238 1 245 12 292 1 294 1 314 41 317 1 355 1 357 1 367 1 413 4 426 1 435 1 452 2 461 2 507 5 508 1 518 9 545 4 573 4 575 2 582 2 633 3 669 1 681 2 729 1 741 1 749 1 757 2 758 1 773 1 790 22 791 1 794 1 798 1 830 1 839 1 843 3 869 1 875 7 896 1 905 1 930 2 950 1 977 4 990 1 1015 3 1025 4 
1 54 1 
56 22 1 75 1 79 1 98 1 114 9 137 2 138 4 145 8 177 5 186 1 204 1 213 1 228 4 230 4 237 1 244 2 247 6 299 2 334 1 369 1 398 1 435 1 440 1 497 1 502 1 507 4 510 6 526 1 528 1 606 1 613 2 615 1 630 1 633 6 655 1 659 5 664 1 699 1 700 2 740 37 757 1 764 2 774 1 786 1 791 1 792 1 794 1 880 1 897 3 909 1 916 1 961 3 965 1 977 1 993 4 1040 1 
4 178 6 735 1 883 1 1018 3 
24 108 3 156 1 176 2 222 1 352 2 367 1 471 1 518 20 524 1 526 1 614 2 659 48 663 3 691 1 724 1 735 1 740 17 749 1 792 3 916 1 919 1 922 7 985 1 987 1 
24 37 2 41 5 87 2 118 41 134 1 312 2 364 9 367 2 448 7 475 2 482 28 499 1 662 4 689 1 735 1 763 22 767 2 771 12 790 2 817 1 857 5 860 3 888 4 969 1 
69 10 1 30 1 49 1 68 1 92 1 110 1 133 2 169 1 189 1 196 1 216 3 244 1 263 1 276 8 298 2 315 6 320 1 332 1 349 1 352 1 361 3 367 2 376 10 377 2 384 1 414 1 439 2 463 1 503 4 507 1 514 1 518 4 536 1 543 6 547 1 573 7 623 1 629 4 630 9 633 1 639 5 662 1 670 1 675 2 682 11 690 1 709 8 748 2 749 3 793 1 808 1 814 2 822 2 849 1 855 2 860 1 872 1 884 4 897 8 952 4 957 4 967 1 969 1 972 1 1001 4 1017 1 1025 1 1030 1 1034 5 
65 25 1 26 4 49 2 63 3 67 1 70 1 71 1 89 1 112 1 114 3 137 1 138 6 145 3 161 6 165 2 176 1 198 2 203 2 226 1 241 1 255 1 314 18 318 2 350 1 365 1 367 1 373 1 415 1 424 1 472 1 507 3 508 3 531 1 554 1 566 1 568 1 574 1 579 7 584 1 596 1 597 1 598 1 633 3 638 2 650 1 674 1 688 3 694 1 713 1 749 3 753 1 782 1 790 3 849 2 858 2 859 4 866 1 897 1 905 2 913 2 991 1 998 1 1010 1 1032 4 1034 11 
3 92 4 95 5 680 36 
8 41 2 430 1 596 5 696 2 765 3 769 1 806 4 1042 4 
37 97 1 99 2 137 2 138 2 145 1 199 1 213 2 226 2 232 1 274 4 280 1 285 10 361 5 367 1 448 3 541 2 605 5 639 3 678 1 710 1 716 2 731 1 789 5 791 3 798 1 811 1 837 1 849 1 859 3 892 1 905 6 949 1 969 2 971 3 972 3 997 1 1010 1 
26 14 3 76 2 162 1 170 7 195 1 305 1 337 4 367 3 418 1 482 8 518 12 575 3 662 5 663 5 725 1 792 1 812 1 820 1 841 1 937 1 944 1 969 2 974 1 1006 1 1030 1 1048 1 
19 114 2 165 3 269 1 367 3 439 5 481 1 507 14 573 18 621 9 639 10 735 1 745 2 759 13 790 20 800 5 875 12 888 3 898 3 985 2 
76 9 1 15 1 47 1 49 1 56 1 81 1 92 1 98 3 114 10 122 2 128 1 138 2 145 2 165 2 176 1 189 1 203 1 213 2 216 2 220 3 226 1 229 2 245 8 260 1 276 2 303 1 328 1 340 1 352 1 359 1 380 1 385 1 387 2 400 1 405 1 438 3 482 4 484 3 495 2 498 1 499 2 502 1 507 4 543 1 553 1 573 1 592 1 615 1 617 1 641 3 659 15 671 1 709 1 741 1 749 1 750 1 761 5 774 2 800 1 810 3 829 2 845 1 863 1 865 1 875 11 878 5 896 1 905 1 940 2 942 3 981 2 990 2 994 6 996 1 1022 1 1025 1 
15 19 1 105 1 221 3 283 12 343 1 344 1 381 8 406 9 408 10 494 3 547 1 651 2 797 1 900 1 943 12 
74 37 2 55 1 68 2 69 3 70 1 75 1 87 6 113 1 126 1 138 6 139 3 143 1 145 3 161 6 165 1 169 1 199 1 218 1 233 1 242 1 288 1 299 2 355 3 364 1 367 1 384 1 402 1 425 1 440 2 470 1 472 1 475 2 482 1 500 1 501 2 507 1 525 2 532 27 543 2 556 1 558 1 572 5 579 2 582 6 585 1 628 1 633 1 638 1 641 15 659 38 686 2 692 1 702 2 718 1 741 4 772 1 825 9 826 1 852 1 862 1 875 4 884 1 887 1 904 1 919 1 960 1 977 2 985 2 994 2 1015 1 1019 2 1024 1 1029 1 1033 1 
3 268 1 806 1 899 1 
44 54 1 56 1 87 2 108 2 114 9 138 3 158 1 162 1 165 2 203 1 226 2 261 1 267 1 274 2 296 1 317 1 352 1 367 4 390 1 413 1 469 1 518 30 525 2 540 1 559 1 659 28 661 1 722 1 757 1 793 1 794 2 819 1 849 2 860 3 864 1 872 1 884 3 916 1 938 2 972 1 977 2 985 2 994 3 1029 1 
13 92 1 123 1 294 1 331 3 346 1 447 1 483 1 490 2 776 1 833 2 836 2 935 4 1020 60 
12 102 11 120 1 289 1 306 1 309 2 379 40 546 1 672 1 726 1 821 1 947 1 1037 5 
9 114 28 127 1 234 3 367 9 564 3 656 1 836 1 887 2 966 1 
29 40 3 123 1 137 2 165 3 225 1 260 1 268 1 299 14 367 1 390 1 438 22 439 2 475 3 495 1 507 9 601 1 639 3 745 1 749 1 766 2 776 1 785 1 815 1 875 47 898 4 906 1 974 1 985 1 1045 3 
76 10 1 11 1 24 1 28 1 37 2 72 1 89 1 92 1 98 3 99 1 107 2 108 2 114 8 145 4 151 1 169 1 198 1 199 1 216 1 226 1 230 4 248 1 268 1 286 2 293 9 345 1 348 1 355 1 367 1 377 2 383 1 390 2 397 1 435 2 438 5 448 2 461 21 467 1 469 1 472 1 486 10 499 1 507 2 543 2 570 5 571 1 605 1 625 3 633 1 662 7 709 1 740 5 749 1 752 1 761 7 777 1 794 1 796 1 822 2 827 1 845 1 850 1 865 2 878 4 886 2 932 1 974 2 977 1 978 10 998 1 1005 1 1015 1 1034 5 1040 1 1045 3 1046 1 
47 3 1 5 1 56 1 114 3 138 1 179 1 207 1 219 3 310 1 325 1 358 1 367 1 384 2 391 1 433 2 435 1 440 2 461 6 467 5 498 1 507 4 508 1 518 27 566 4 567 1 579 5 591 1 606 3 639 4 663 45 664 1 719 1 740 7 743 3 773 1 794 1 856 2 858 3 906 1 964 2 971 1 992 1 1001 3 1012 4 1030 1 1032 5 1043 1 
17 61 13 73 1 74 1 115 1 141 23 184 1 344 1 406 7 461 2 478 1 547 2 631 7 797 8 874 1 879 13 900 1 929 4 
3 696 1 881 1 985 1 
38 6 16 99 1 109 1 192 15 194 1 227 2 231 1 270 1 272 1 274 6 291 1 294 1 299 2 315 1 360 2 367 2 372 1 432 1 488 1 492 1 507 1 518 10 520 1 536 2 575 1 625 1 662 4 663 13 664 1 712 2 755 1 786 1 791 4 884 4 923 1 962 1 986 2 1043 1 
8 99 1 123 6 368 1 452 5 730 1 840 1 886 64 1011 1 
10 90 1 101 1 114 2 123 1 165 7 335 1 367 6 483 1 966 1 1010 1 
4 178 2 375 1 649 3 781 2 
70 0 10 1 2 8 4 16 1 40 1 63 1 71 4 79 1 114 1 117 2 136 1 137 5 157 1 160 1 165 1 174 28 189 1 194 1 216 2 246 2 258 1 268 1 276 2 307 1 314 2 328 1 348 1 355 2 367 1 376 3 384 1 393 1 404 1 424 1 444 1 460 1 472 2 495 1 498 1 505 1 507 4 539 1 550 1 563 1 571 1 596 1 606 2 621 2 638 2 662 2 666 2 707 90 712 1 740 4 749 1 752 1 773 2 852 1 859 11 884 1 886 2 938 1 958 4 974 2 977 2 994 1 1023 1 1025 1 1030 1 1036 1 
51 71 2 79 2 87 5 104 1 114 8 125 1 169 1 170 3 182 3 201 1 213 3 225 1 256 4 258 1 293 2 299 14 318 3 332 1 342 1 357 1 367 2 403 1 415 1 479 1 502 2 507 2 518 25 536 1 543 4 566 2 570 3 604 1 615 1 630 9 633 3 662 6 674 1 736 1 749 2 816 1 848 1 859 1 910 1 937 1 938 2 969 1 981 1 987 1 990 1 998 2 1025 1 
6 278 1 429 2 721 11 932 1 948 1 1020 18 
46 3 1 131 1 137 1 138 1 145 1 163 2 165 4 219 1 231 3 258 8 277 1 284 3 363 1 390 1 395 1 475 2 507 2 541 1 570 1 574 1 589 1 613 1 620 1 622 1 645 4 706 1 720 1 725 1 749 5 786 6 787 2 791 3 809 1 814 2 851 1 888 2 894 1 913 4 920 1 934 1 955 1 974 1 979 1 982 1 984 1 994 3 
149 686
