1029 2784 375
2 386 1 2103 1 
2 930 1 1743 1 
2 1245 1 1523 1 
4 175 1 1621 1 2158 1 2458 1 
2 51 1 469 1 
2 1797 1 2079 1 
5 234 5 1263 1 1532 1 2289 2 2644 1 
5 54 1 398 1 1012 1 1748 1 2237 2 
3 420 1 1473 1 2260 1 
3 53 1 112 1 545 1 
2 625 1 1293 1 
2 481 1 1868 1 
2 226 1 477 1 
2 1213 1 1526 1 
3 1066 1 1559 1 2705 1 
3 259 1 697 1 2397 1 
7 567 1 1029 1 1197 2 1650 2 2127 1 2555 1 2691 1 
2 100 1 883 1 
6 313 1 1007 1 1230 1 1318 1 1669 1 2174 1 
2 396 1 2166 1 
2 32 1 682 1 
2 2035 1 2767 1 
2 273 1 1814 1 
2 1441 3 2271 1 
4 205 1 341 1 1094 1 1837 1 
2 1046 1 2554 1 
4 85 1 189 1 257 1 1782 1 
2 344 1 1968 2 
2 566 1 1283 2 
2 1573 1 2342 1 
2 1829 1 1925 1 
3 549 1 1254 1 1357 1 
2 929 1 2029 1 
2 1018 1 2254 1 
3 1163 1 1456 1 2532 1 
3 281 3 1199 1 2109 1 
2 1102 1 2553 1 
2 880 1 2124 1 
2 1484 1 2302 1 
2 1659 1 2270 1 
3 1564 1 1731 1 2500 1 
3 892 1 903 1 1959 1 
3 1437 2 1735 1 2009 1 
4 411 1 754 1 1805 1 2149 1 
3 1090 1 1309 1 1537 1 
4 434 1 502 1 667 1 1541 1 
5 709 1 1496 1 1587 1 1928 1 1953 1 
2 200 1 1887 1 
3 888 1 1330 1 2594 1 
2 1370 1 1962 1 
3 1421 1 1513 1 1543 1 
3 668 1 1978 1 1984 1 
2 868 1 2281 1 
1 1519 4 
2 1361 5 1534 2 
4 1296 1 1655 1 1942 1 2315 1 
5 64 1 439 1 728 1 1214 1 1380 1 
2 1361 5 1534 2 
2 504 1 1026 1 
3 579 1 1730 1 2011 1 
5 73 1 539 1 1150 1 1344 1 2705 2 
2 544 1 2233 1 
2 904 1 2378 1 
3 848 1 2128 1 2427 1 
2 537 1 714 1 
5 131 1 274 1 522 1 1152 1 2452 2 
1 2170 2 
8 530 1 652 2 660 1 879 1 948 1 2180 1 2630 1 2762 1 
5 96 1 673 1 950 1 2114 1 2746 1 
2 204 1 2609 1 
3 952 1 1500 1 1647 1 
2 911 1 974 1 
5 599 1 1108 1 1143 1 1257 1 2379 1 
4 750 1 1074 1 1406 1 1487 1 
2 303 1 373 1 
5 428 2 1249 4 2246 1 2666 1 2699 1 
2 66 1 324 1 
2 618 1 1632 1 
2 1885 1 2096 1 
2 86 5 1697 6 
1 1616 3 
3 1414 1 1533 1 2026 1 
3 545 1 920 1 1613 1 
2 843 1 873 1 
2 166 1 773 2 
3 350 1 421 1 1642 1 
5 455 2 1971 3 2015 3 2470 3 2780 4 
3 227 1 1218 1 2072 2 
2 678 1 971 1 
5 285 2 496 1 1079 1 2430 3 2503 1 
5 331 4 727 1 1510 4 2136 1 2540 2 
3 475 1 2428 2 2586 1 
2 223 1 1641 1 
2 810 1 1914 1 
12 170 1 454 1 632 1 725 1 1036 1 1134 1 1204 1 1217 1 1695 1 1775 1 2100 2 2502 1 
3 1668 1 2286 1 2504 1 
2 1576 1 2402 1 
2 494 1 2275 1 
4 799 1 1808 1 2737 1 2748 1 
2 829 1 2016 2 
4 1391 1 1402 1 1807 1 2492 1 
2 247 1 554 1 
2 222 1 2522 1 
4 5 1 1480 1 1566 1 2444 1 
2 1904 1 2121 1 
4 133 1 162 1 1180 1 1875 1 
3 584 1 2141 1 2566 1 
5 199 2 321 1 1135 2 2056 12 2448 2 
4 797 1 1192 1 2178 1 2742 1 
7 58 2 321 1 619 2 1054 2 1670 2 2198 2 2562 2 
3 1626 1 1972 1 2179 1 
2 450 1 1687 1 
1 2669 2 
2 24 1 1992 1 
5 715 1 1200 1 1841 4 2377 1 2484 1 
2 1417 1 2725 1 
3 940 2 972 1 1273 1 
10 39 1 77 2 533 1 954 1 975 3 994 1 1894 1 1927 1 1970 1 2459 2 
2 258 1 1732 1 
2 656 1 1944 1 
2 861 1 1463 1 
4 371 1 681 1 1291 1 1530 2 
3 161 1 535 1 1945 1 
2 905 1 2050 1 
2 640 1 2212 1 
2 1622 1 1760 1 
2 2577 1 2754 1 
2 776 2 1508 1 
4 965 1 1067 1 1259 1 1305 1 
8 351 1 1118 1 1776 2 2046 1 2249 1 2293 1 2460 2 2569 2 
2 1282 1 2308 1 
3 1241 1 2147 1 2263 2 
2 120 1 2608 1 
4 983 1 1264 1 2052 1 2489 1 
2 1958 2 1990 1 
2 1795 1 2547 1 
6 337 2 997 1 1087 1 1142 1 1637 2 2680 1 
1 648 3 
4 822 1 1025 1 1322 4 1459 1 
2 710 1 1043 1 
2 345 1 593 1 
2 806 1 2258 1 
2 1051 1 2744 1 
2 626 1 2563 1 
2 74 1 456 1 
3 238 1 1918 1 2603 1 
2 1055 1 2295 1 
3 564 1 1392 1 1680 1 
2 154 1 2472 1 
2 548 3 2112 1 
1 392 2 
3 151 1 749 1 1303 1 
3 784 1 1145 1 2325 1 
3 1107 1 2194 1 2533 2 
4 266 1 1981 1 2133 1 2370 1 
3 1131 1 1151 1 1315 1 
3 20 3 144 1 1311 2 
3 2162 1 2383 1 2734 1 
2 1663 1 2694 1 
2 1300 1 2173 6 
2 389 1 777 8 
1 840 2 
2 365 1 1726 1 
1 1377 3 
3 453 1 1867 1 2303 1 
3 1761 1 2508 1 2698 2 
2 2450 1 2546 1 
2 700 1 751 1 
2 1006 1 2033 1 
3 1491 1 1609 1 1952 1 
2 1445 1 2250 1 
3 2229 1 2350 1 2752 1 
2 229 1 1462 1 
2 318 1 404 1 
2 1685 2 2098 1 
2 279 1 2036 1 
3 2088 1 2393 1 2559 1 
2 53 1 1609 1 
2 264 1 809 2 
2 815 1 1033 1 
3 600 1 785 1 1247 1 
2 2167 1 2292 1 
6 165 1 534 1 947 1 1931 1 2349 1 2625 1 
4 756 1 852 1 900 1 982 1 
1 951 6 
6 14 1 240 1 720 1 1164 1 1850 1 2646 1 
4 239 1 587 1 637 1 1470 1 
4 231 1 1190 1 1522 1 2001 1 
1 2335 4 
3 330 1 577 1 1128 1 
4 1097 1 1635 1 2423 1 2727 1 
3 563 1 1382 1 1754 1 
2 44 1 2347 1 
2 705 1 2028 1 
3 271 1 1476 1 1562 1 
3 1892 2 2557 1 2649 2 
4 40 1 765 1 2389 1 2536 1 
3 220 1 329 1 1452 1 
2 611 1 1729 1 
2 598 1 2468 2 
2 277 1 862 1 
2 176 1 666 1 
2 29 1 1428 3 
8 289 1 1052 1 1146 1 1215 1 1345 1 1520 1 1558 1 2217 1 
4 128 1 1024 6 1638 6 2358 1 
2 1117 2 2587 2 
5 696 1 1189 1 1580 1 2422 1 2602 1 
2 432 1 1334 1 
3 778 2 1193 1 1361 4 
2 1651 1 2436 1 
3 1871 1 2022 1 2038 1 
4 510 1 761 1 1740 1 1844 1 
5 237 1 351 1 509 1 956 1 2329 1 
3 1333 2 2190 1 2352 1 
5 361 1 890 1 917 1 1343 3 2019 1 
2 1028 2 1866 1 
2 585 1 1833 1 
2 169 3 909 4 
3 825 1 2014 1 2607 1 
2 1440 1 2401 1 
2 1367 1 1861 1 
5 426 1 1195 1 1602 1 2384 1 2454 1 
2 2268 1 2511 1 
2 794 1 2311 1 
2 1678 1 2332 3 
2 1325 1 2757 1 
2 1177 1 2017 1 
2 793 1 1633 1 
2 2538 1 2685 1 
3 97 2 2257 1 2345 1 
3 1209 1 1310 1 2681 1 
2 319 1 2631 1 
4 387 1 519 1 1302 1 2008 1 
2 689 1 1906 1 
2 774 1 1845 1 
2 248 1 610 1 
2 368 1 1156 1 
2 300 1 2329 2 
3 509 1 2310 2 2408 1 
2 556 1 1506 1 
2 1337 2 1369 1 
3 482 1 1998 1 2208 1 
2 884 1 1876 1 
2 1832 1 2075 2 
3 403 2 671 5 2510 5 
2 716 1 1100 1 
4 4 1 2461 1 2467 1 2778 1 
2 1969 1 2220 1 
2 486 1 2181 1 
3 699 1 2374 1 2636 1 
2 1788 1 2647 1 
2 1206 1 1856 1 
2 1719 1 2034 1 
4 91 3 1801 2 2119 2 2317 1 
3 2000 1 2161 1 2499 1 
2 447 1 675 1 
7 211 1 918 1 1552 1 1940 1 1955 1 2176 1 2224 1 
3 769 1 943 1 1793 1 
2 316 1 2626 1 
2 730 1 2655 1 
2 591 1 639 1 
2 541 1 2599 1 
3 2084 1 2424 1 2567 1 
2 62 1 2656 1 
2 252 1 2282 1 
2 129 1 1618 1 
6 152 1 1093 1 1265 1 1422 1 2639 1 2771 1 
3 933 1 1166 1 1379 1 
12 836 1 1025 1 1494 1 1544 1 1778 1 1786 3 1937 1 2020 1 2231 1 2309 2 2336 1 2761 1 
2 1631 1 2552 1 
9 287 1 470 1 536 1 1542 1 2111 1 2117 1 2187 1 2659 1 2671 1 
3 451 1 565 1 1140 1 
4 722 1 865 1 939 1 2156 1 
4 1019 2 1042 2 1304 1 1517 1 
2 791 1 928 1 
3 814 1 896 1 2376 1 
3 1292 1 1634 1 1757 1 
2 1505 2 2593 1 
3 711 1 960 1 2431 1 
2 419 1 2551 1 
3 921 1 1584 1 1619 1 
2 572 1 1285 1 
2 763 1 1645 1 
2 1481 1 2560 1 
3 528 1 1533 1 2584 2 
3 1160 1 1963 1 2438 1 
8 118 3 158 1 1594 2 1770 4 1951 2 2493 1 2732 1 2765 1 
4 780 1 1176 1 1358 1 2241 1 
2 569 1 2225 2 
2 514 1 1449 1 
2 1753 1 2466 1 
2 2455 1 2574 1 
3 1534 1 2405 1 2584 1 
2 823 1 1749 1 
1 1560 2 
4 616 1 1404 1 1509 1 2415 1 
2 1755 1 2758 1 
2 101 1 755 1 
2 107 1 461 1 
3 855 1 1306 1 1545 1 
4 359 1 412 1 550 1 1438 1 
1 1664 4 
1 2495 2 
2 1896 1 2323 1 
2 509 1 2653 1 
2 1258 1 1569 1 
3 146 1 445 1 2061 1 
2 980 1 1674 1 
6 13 1 242 2 622 1 672 1 1000 2 1893 1 
2 183 1 929 1 
2 305 1 2682 1 
2 570 1 1106 1 
1 669 4 
2 17 1 847 1 
2 293 1 1446 1 
2 1181 1 1973 2 
1 645 2 
3 2255 1 2700 1 2769 1 
3 833 2 1246 1 1838 2 
2 354 1 394 1 
2 1110 1 2719 1 
2 1750 1 2722 1 
2 489 1 1652 1 
3 255 1 301 1 2650 1 
2 1034 1 1338 1 
5 137 1 875 1 1262 1 1498 1 2235 1 
2 113 1 1966 1 
2 748 1 866 1 
3 145 1 207 1 308 1 
2 202 1 2085 1 
2 1699 1 2169 1 
2 872 1 1356 1 
2 34 1 1453 1 
7 213 2 245 2 251 1 478 1 1683 3 1877 2 2733 3 
2 93 1 2262 1 
3 1175 1 1707 1 2434 1 
7 617 1 1172 2 1709 2 1759 2 2207 3 2645 1 2739 1 
2 336 1 964 1 
3 15 1 433 1 856 1 
6 167 4 290 1 1075 3 1313 1 2338 1 2421 1 
3 136 1 685 1 1976 1 
2 867 4 2313 4 
5 978 1 1606 1 1789 1 1862 1 2247 1 
1 449 3 
2 1611 1 2750 1 
2 529 1 796 1 
4 49 1 210 1 804 1 1504 1 
2 1658 1 2357 1 
2 630 1 2528 1 
3 1924 1 2387 1 2541 1 
3 325 1 1336 1 2702 1 
2 977 1 2390 2 
3 729 1 1104 1 2024 4 
3 776 4 1183 3 1836 1 
2 1019 1 1534 1 
1 1607 2 
3 377 1 1331 1 2068 1 
3 827 1 2135 1 2395 1 
1 2203 4 
2 82 2 968 1 
2 111 2 306 1 
1 1219 3 
12 185 2 498 1 863 1 1324 3 1905 1 1938 1 1939 2 2272 10 2372 2 2618 1 2676 1 2696 1 
3 902 1 1529 1 2216 1 
2 2152 1 2183 1 
2 919 1 2435 1 
4 525 1 690 2 2306 1 2718 1 
2 375 1 643 1 
2 869 1 1996 1 
2 1058 1 1617 1 
3 1139 1 1717 1 2689 1 
2 132 1 882 1 
4 342 1 409 1 2044 1 2406 1 
2 1174 1 2537 1 
2 476 2 2513 2 
1 1335 12 
2 1078 1 1922 1 
3 106 1 914 2 2648 1 
2 212 1 2250 1 
3 687 1 688 1 2652 1 
2 1386 1 2196 1 
2 1041 2 1335 3 
2 1771 1 2590 1 
3 1865 1 1975 1 2480 1 
10 294 1 487 1 623 1 800 2 969 1 1346 1 1375 1 1469 1 2451 1 2507 1 
3 1653 1 2024 3 2751 3 
3 663 1 745 1 2221 1 
2 1596 1 1745 1 
2 1447 1 2373 1 
2 98 2 842 1 
3 414 1 676 1 1482 1 
3 1410 2 1676 1 2729 3 
2 1179 1 1327 1 
2 1725 1 2453 1 
2 1723 1 2367 1 
2 1221 1 2412 1 
2 1848 1 1857 1 
2 2090 1 2711 1 
2 208 1 1062 1 
2 65 1 811 1 
7 309 1 737 1 1154 1 1182 1 1223 1 2231 1 2385 1 
2 460 1 1581 1 
2 1477 1 2713 1 
5 127 1 138 1 578 1 891 1 1354 1 
2 2210 1 2756 1 
5 903 1 1244 1 1766 1 2240 2 2684 1 
3 1653 1 2024 4 2439 1 
3 824 1 1800 1 1950 1 
3 2120 2 2294 1 2481 1 
3 1398 1 1415 1 1514 1 
4 193 1 1991 1 2355 1 2592 1 
3 1798 1 2318 1 2716 1 
2 526 1 1350 1 
2 1351 1 2155 1 
4 1722 1 1989 1 2482 1 2668 1 
2 1203 1 2776 1 
4 448 1 1757 1 2177 1 2597 1 
3 1719 1 2708 1 2775 1 
2 552 1 2764 1 
2 581 1 1769 1 
2 1237 1 1852 1 
2 254 4 1546 2 
2 236 1 1578 1 
3 457 1 1919 1 1967 1 
4 26 1 362 1 1706 3 2514 1 
4 72 1 1124 1 2200 1 2559 1 
3 1538 1 1639 1 1847 1 
2 1572 1 2252 1 
2 1059 1 1809 1 
2 838 1 2614 1 
2 0 1 1493 1 
2 558 1 1698 1 
2 1171 1 1222 2 
11 89 2 297 3 363 1 850 1 1603 3 1721 4 2060 6 2116 4 2226 3 2326 1 2731 1 
2 531 1 841 1 
2 1071 1 2726 1 
2 642 1 2398 1 
2 845 1 1690 1 
3 1673 1 1912 1 2768 1 
4 299 1 583 1 702 2 2239 1 
3 726 1 967 1 2053 1 
6 61 1 1485 1 2515 1 2526 1 2583 1 2596 1 
2 912 1 1385 1 
2 733 1 1917 1 
2 315 1 1234 1 
1 1004 2 
2 1202 1 2585 1 
3 81 1 1591 1 1911 1 
6 736 1 1116 1 1332 3 1570 1 2028 2 2337 1 
2 839 1 1528 1 
15 60 2 63 1 155 2 201 2 322 1 521 1 530 1 788 1 853 2 901 1 1089 1 1466 1 2175 1 2501 2 2634 1 
2 500 1 2381 1 
2 858 1 2024 4 
3 696 1 1521 1 2661 1 
2 1409 1 2126 1 
4 11 1 807 1 1635 1 2462 1 
2 430 1 1269 1 
2 55 1 2425 1 
2 214 1 986 1 
2 1502 1 2195 1 
2 1240 1 1869 1 
3 124 1 604 1 2097 1 
5 927 1 1301 1 1307 1 2409 1 2598 1 
2 573 1 1823 2 
3 364 1 1436 2 2564 1 
4 263 1 753 1 2018 1 2193 1 
7 283 1 530 2 813 1 854 1 1267 1 1577 1 1598 1 
3 80 1 1044 7 2106 1 
2 657 3 1859 6 
2 2327 1 2447 1 
7 680 1 937 1 1063 1 1549 2 1988 5 2118 1 2760 3 
2 135 2 2356 2 
3 1710 1 2123 2 2142 3 
3 692 1 1624 1 2521 1 
2 574 6 996 6 
3 1342 1 1407 1 2550 1 
1 1210 4 
7 95 1 197 2 894 1 990 2 1858 1 2386 1 2561 1 
3 1281 1 1443 1 1592 1 
4 931 1 1225 1 1348 1 1897 1 
2 505 1 2457 1 
4 152 1 346 1 1148 1 2633 1 
2 443 1 1460 1 
7 320 2 515 1 826 2 1086 1 1129 1 1585 2 2071 1 
3 9 1 415 1 628 1 
6 3 1 268 1 427 1 1103 1 1518 1 2399 1 
5 272 1 739 1 2078 1 2206 1 2279 1 
2 620 1 2201 1 
2 33 1 1472 1 
2 966 1 1728 1 
3 757 1 2201 1 2678 1 
2 929 1 2122 1 
3 191 2 1061 1 2064 2 
2 84 1 260 1 
3 1130 1 1965 1 2429 1 
2 442 1 571 1 
2 2363 1 2640 1 
1 1666 2 
3 177 1 1121 1 2010 1 
4 555 1 1665 1 1824 1 2083 3 
2 631 1 1815 1 
2 1279 1 1567 1 
3 1418 1 1483 1 2772 1 
2 2362 1 2712 1 
2 88 1 2591 1 
3 592 1 664 1 1419 1 
4 650 1 963 1 1030 1 2487 1 
2 169 1 909 2 
3 511 1 1813 1 2077 1 
2 790 1 1849 1 
2 115 1 2192 1 
2 1011 1 1170 1 
2 179 1 485 2 
2 1488 1 1620 1 
2 1713 1 1764 1 
3 946 1 1002 1 1297 1 
2 2301 1 2629 1 
2 1923 1 2094 1 
2 935 1 1253 1 
3 717 1 1081 1 2343 1 
1 1361 6 
4 738 1 759 1 1323 1 1881 1 
2 99 1 380 1 
4 36 1 1069 1 1105 1 1888 1 
2 40 1 1008 1 
6 235 1 291 2 304 1 1207 1 1211 1 1216 1 
2 1604 1 2703 1 
2 1471 1 2579 1 
2 1053 1 1077 1 
3 885 1 1229 1 2051 1 
4 381 1 1675 1 1853 1 2223 1 
2 467 1 2021 1 
1 2251 2 
2 1239 1 1267 1 
2 171 1 1661 1 
2 390 1 1681 1 
3 851 1 957 1 1158 1 
2 79 1 1495 1 
2 2354 1 2667 1 
2 2491 1 2743 1 
2 203 1 1047 1 
1 182 2 
1 1628 2 
3 387 1 608 2 1352 1 
7 7 1 768 4 1957 1 1994 2 1995 2 2394 1 2690 1 
1 1588 4 
3 156 1 1400 1 1458 1 
5 627 4 937 1 1101 1 1113 3 2042 3 
3 1708 1 1934 1 2411 1 
4 246 1 1289 1 2091 1 2534 1 
2 1411 1 1711 1 
3 878 1 1017 1 1667 1 
4 196 1 466 2 473 3 2437 3 
2 1317 1 2341 1 
2 1864 1 2104 1 
2 1015 1 1032 1 
3 695 1 1393 1 2717 1 
2 819 1 1739 1 
2 871 1 1903 1 
13 164 1 517 1 1187 3 1212 1 1340 1 1516 1 1533 2 1679 1 1946 1 2084 1 2194 1 2641 1 2745 1 
2 117 1 253 1 
5 224 2 267 1 984 1 1272 1 2688 1 
2 2638 1 2670 1 
2 2130 1 2606 1 
3 538 1 633 1 2535 1 
1 1098 4 
2 1268 1 1979 2 
3 385 1 1450 1 2462 1 
2 1261 1 1497 1 
2 41 3 1020 1 
2 1194 1 2520 1 
3 50 1 562 1 2148 1 
2 1993 1 2040 1 
2 771 1 1091 1 
3 19 1 1016 1 1705 1 
3 821 1 2027 1 2361 1 
2 1898 1 2581 1 
2 105 1 1266 1 
3 78 1 1132 1 1636 1 
3 282 2 1703 2 1916 2 
4 553 1 1503 1 2245 1 2457 1 
3 302 1 2095 1 2512 1 
3 1819 2 2139 2 2777 1 
2 177 1 775 1 
2 2001 1 2057 2 
2 613 1 2092 1 
5 560 1 586 1 1550 1 1977 1 2214 1 
1 674 2 
2 1455 2 2740 1 
4 269 1 1256 1 2086 1 2280 1 
2 1907 1 2099 2 
2 651 1 1359 1 
3 1366 2 1662 2 2333 2 
7 35 1 913 1 942 1 1122 2 1590 1 2568 1 2697 1 
3 575 2 2101 1 2753 1 
3 463 1 646 1 2189 1 
1 1949 3 
2 1233 1 2549 2 
2 139 1 1346 1 
3 889 1 1435 1 2160 1 
5 1288 1 1314 1 1405 1 1827 2 2548 1 
5 423 1 818 1 1173 1 1648 1 1900 1 
3 286 1 323 1 995 1 
4 1355 3 2219 1 2518 1 2643 1 
4 356 1 1064 1 2414 1 2441 1 
2 1147 1 2538 1 
2 162 1 2707 1 
2 1378 1 2371 1 
2 516 1 795 1 
3 1394 1 2004 1 2604 1 
2 1432 1 1501 1 
2 1779 2 2720 2 
2 732 1 1243 1 
2 405 1 1492 1 
2 425 1 2615 1 
5 953 1 1021 1 1353 1 1589 1 1854 1 
2 707 1 1220 1 
2 192 1 1416 1 
2 1308 1 1960 1 
2 1185 1 1399 1 
2 1082 1 1371 1 
2 244 1 523 1 
4 184 1 859 1 1744 1 2269 1 
2 67 1 1660 1 
2 877 1 1188 1 
2 1242 1 2612 1 
3 383 1 1068 1 1768 1 
4 70 1 760 1 2476 2 2763 1 
2 1822 1 2516 1 
2 1959 5 2242 1 
2 1049 1 2610 1 
2 186 5 576 5 
2 1425 1 1915 1 
3 590 1 2045 1 2709 1 
2 693 1 1401 1 
2 71 1 2163 1 
5 1115 1 1692 2 2544 2 2723 2 2766 3 
4 1191 1 1478 8 1840 2 1891 4 
1 1741 4 
3 119 1 1153 1 1275 1 
2 1374 1 2624 1 
3 985 1 2259 1 2283 1 
2 1448 1 1610 1 
2 1982 1 2307 1 
2 991 1 2475 1 
2 1364 1 2266 1 
2 1298 1 1362 1 
2 1162 1 1855 1 
2 1295 2 2144 2 
3 683 7 767 8 2474 1 
4 153 1 915 1 1001 1 2473 1 
4 897 1 1144 1 1742 1 2433 1 
2 876 1 1095 1 
2 1948 1 1997 1 
1 1072 3 
3 335 1 1286 1 2013 1 
2 1326 5 1756 1 
3 926 1 1682 1 2404 1 
3 1295 1 1579 1 2360 1 
2 635 1 1114 1 
4 143 1 206 2 938 3 1050 1 
2 492 1 1694 1 
2 1758 1 1879 1 
2 1390 1 1851 1 
4 59 1 542 1 1702 1 1963 1 
3 314 1 2469 1 2565 1 
3 125 1 747 1 762 1 
5 102 1 665 1 1693 1 2054 1 2497 1 
5 431 1 1186 1 1799 1 2151 1 2524 1 
4 662 3 817 1 874 1 2620 1 
3 1238 1 1329 1 1412 1 
2 173 1 2530 1 
3 1595 1 1763 1 1973 1 
2 348 1 397 1 
2 484 1 606 1 
2 735 1 1433 1 
3 524 1 2150 1 2635 1 
2 1430 1 1828 1 
3 261 1 546 1 1890 1 
2 1479 1 1644 1 
2 1649 1 2205 1 
3 249 1 740 1 805 1 
1 596 3 
2 47 1 372 1 
2 993 1 2267 1 
2 149 1 1630 1 
3 597 5 1539 4 1772 5 
3 6 1 221 1 1563 1 
3 1948 1 2674 1 2741 1 
3 288 1 1120 1 1565 1 
3 647 1 923 1 1512 1 
4 198 2 296 1 1092 1 1910 1 
2 43 1 1733 1 
2 195 2 828 1 
3 1010 1 2012 1 2637 1 
1 1751 2 
2 340 1 2578 1 
2 981 1 2202 1 
4 480 1 1373 1 1777 1 2419 1 
2 1954 1 2305 1 
7 103 1 178 2 718 2 1634 1 1657 1 2168 1 2380 1 
4 781 1 844 1 1248 1 2304 1 
1 2572 2 
2 1167 1 2191 1 
3 1535 1 1737 1 2244 1 
1 1507 2 
3 56 1 1902 1 2617 1 
3 1099 1 1936 1 2005 1 
3 349 1 1810 1 2462 1 
2 1524 1 2238 1 
3 1599 1 1935 1 2715 1 
2 1126 1 2115 1 
2 1137 2 1932 1 
3 243 1 289 1 1933 1 
2 961 1 2228 1 
2 45 1 270 1 
2 528 1 2405 1 
3 369 1 1767 1 2449 1 
1 2172 6 
5 216 1 2278 1 2601 1 2632 1 2677 1 
5 408 1 2388 1 2391 1 2506 1 2687 1 
2 1715 1 2110 1 
2 731 1 2273 1 
3 352 1 1330 1 2605 1 
4 16 1 849 1 2227 1 2300 1 
2 374 1 958 1 
2 333 1 1593 1 
3 955 1 1057 1 1319 1 
2 1111 2 1376 1 
2 1899 1 1985 1 
3 1884 1 2440 1 2747 1 
3 393 3 783 3 2724 2 
2 27 2 786 1 
3 472 1 2102 1 2642 1 
2 1835 1 2663 1 
2 704 1 1794 1 
2 655 1 1640 1 
4 180 1 399 1 2188 1 2445 1 
2 1684 1 2539 1 
2 1454 1 1784 1 
5 438 1 443 1 694 1 1691 1 2730 1 
4 141 1 1198 1 1818 1 2478 1 
2 1451 1 2600 2 
4 444 2 603 2 870 1 976 2 
3 452 1 1014 1 1060 3 
2 887 1 2542 1 
2 483 1 979 1 
7 298 1 686 1 777 1 1938 1 2320 2 2324 1 2588 1 
3 1830 1 2413 2 2527 1 
2 218 1 2420 1 
1 2032 4 
1 2479 2 
3 1003 1 1260 1 2664 1 
9 159 1 496 1 628 1 1781 1 1802 1 1842 1 2002 1 2471 1 2595 1 
2 670 1 1093 1 
3 1431 1 1568 1 2314 1 
3 658 1 1040 1 1882 1 
2 746 1 1575 1 
1 2316 3 
4 123 1 1601 1 1870 1 2751 1 
6 458 1 708 1 1149 1 2058 1 2279 1 2334 1 
2 543 1 1863 1 
3 232 1 2276 1 2505 1 
2 540 2 2483 1 
1 2665 7 
3 1165 1 1403 1 2488 1 
2 1125 1 2125 3 
2 1038 1 2165 1 
2 499 1 1925 1 
2 916 1 1121 1 
2 94 1 2105 1 
3 142 1 1088 1 1817 1 
2 108 1 1328 1 
2 2463 1 2660 1 
2 187 1 1635 1 
2 1600 1 2770 1 
3 1820 1 1909 1 2204 1 
2 1027 1 2331 1 
2 1718 1 2519 1 
3 1821 1 1880 1 2706 1 
2 595 1 2287 1 
3 1251 1 2048 1 2291 2 
2 116 1 1387 1 
2 413 1 1119 1 
2 934 1 1023 1 
2 1420 1 2243 1 
4 1294 1 1790 1 2321 1 2359 1 
3 1232 1 1738 1 1920 1 
2 1276 1 2675 1 
2 1339 1 1597 1 
1 1208 3 
2 57 1 1926 1 
2 1913 1 1987 1 
3 532 1 661 1 2339 2 
3 384 1 2382 1 2550 1 
4 134 1 491 2 2164 1 2186 1 
2 417 1 1383 1 
5 28 1 401 1 898 1 2089 1 2627 1 
2 22 1 501 1 
8 378 1 503 1 941 1 1025 1 1700 1 1792 1 2543 1 2556 1 
3 1396 1 1787 1 2403 1 
2 1973 1 2256 1 
2 713 2 1123 1 
1 1159 2 
4 241 1 311 1 1442 1 2184 1 
2 168 1 230 1 
2 1083 1 2773 1 
6 834 1 1424 1 1426 1 1540 1 1788 1 2573 1 
2 38 1 307 1 
2 441 1 2278 1 
3 367 1 465 1 1355 1 
6 440 1 490 1 772 1 1716 1 2312 1 2657 1 
2 1457 1 1646 1 
5 130 1 801 1 1109 2 1826 1 2416 1 
1 1196 2 
2 2182 1 2369 1 
3 376 1 744 1 2230 1 
2 332 1 1704 1 
2 1643 1 2076 1 
4 743 1 2003 1 2368 1 2749 1 
2 87 1 284 1 
3 703 1 782 1 803 1 
2 1803 1 1947 1 
4 464 1 2154 1 2442 1 2570 1 
2 37 1 929 1 
4 8 2 634 1 691 2 1365 2 
3 724 1 2049 1 2264 1 
4 109 1 1583 1 1983 1 2496 1 
2 289 1 924 1 
2 304 1 1468 1 
2 612 1 1878 1 
2 256 1 1096 1 
2 1395 1 1671 1 
2 1168 5 2171 1 
3 429 1 1654 1 2145 1 
2 1045 1 2755 1 
1 2531 4 
3 636 1 922 1 1943 1 
2 1080 1 1388 1 
3 589 1 1873 1 2446 1 
3 557 1 629 1 1614 1 
3 104 1 1084 1 1531 1 
2 1727 2 1908 2 
2 1860 2 2080 1 
2 1224 1 1783 1 
2 1413 1 2643 1 
2 802 1 1746 1 
3 741 1 830 1 2365 1 
2 2082 1 2613 1 
6 58 2 466 1 1133 2 1561 1 1804 1 2622 1 
10 92 1 310 1 1361 1 1534 2 1816 2 1956 2 2185 1 2285 1 2692 1 2710 2 
2 1461 1 1475 1 
2 358 1 2081 1 
2 1397 1 2558 1 
3 787 2 798 1 988 1 
3 48 1 2025 1 2704 1 
2 327 3 1277 1 
3 506 1 2069 1 2426 1 
4 46 1 388 1 641 1 2662 1 
3 907 1 1161 1 2396 1 
3 638 1 1022 1 2410 1 
3 228 1 434 1 493 1 
4 1138 1 1522 1 1543 1 1623 1 
3 1226 2 1874 1 2679 2 
3 247 1 701 1 1831 1 
2 1474 1 1553 1 
3 512 1 588 1 2509 2 
2 1 1 653 1 
2 684 1 2199 1 
2 2030 1 2462 1 
6 275 1 605 1 1321 1 1980 2 2108 4 2346 1 
2 614 1 2039 1 
3 1076 1 1271 1 2055 1 
3 2297 1 2571 1 2611 1 
2 906 1 2456 1 
5 1363 1 1464 1 1889 3 2067 1 2464 1 
3 1490 1 2525 1 2695 1 
2 2265 1 2477 1 
2 2063 1 2582 1 
3 518 1 1672 1 1712 1 
2 219 1 1608 1 
2 1065 1 1341 2 
2 122 1 2146 1 
2 1762 1 1796 1 
2 886 1 2353 1 
2 712 3 936 4 
3 172 1 467 1 2340 1 
2 1231 1 2759 1 
3 402 1 1347 1 1714 1 
9 188 1 334 1 826 2 973 2 1048 2 1070 2 1086 1 1961 2 2575 2 
2 17 6 547 1 
8 343 2 527 2 1184 2 1274 2 1372 1 1773 1 1839 1 2588 1 
2 1290 1 1929 1 
3 908 1 1073 1 1384 2 
3 339 1 2137 1 2417 1 
2 1252 1 2443 1 
6 326 1 418 1 742 1 752 1 1701 1 2366 1 
2 473 1 1349 3 
2 895 1 1009 1 
2 1434 1 2328 1 
2 1228 1 1359 1 
2 2701 1 2721 1 
2 163 1 2070 1 
2 416 2 1360 1 
3 1846 1 2197 1 2490 1 
2 624 1 989 1 
2 615 1 1312 1 
2 1299 2 2498 1 
2 677 3 2047 1 
2 764 1 1686 1 
2 422 1 2781 1 
2 1736 1 2153 1 
3 209 1 1255 1 2407 1 
2 1423 1 2218 1 
3 328 1 1368 1 2651 1 
2 68 1 157 1 
2 215 1 2074 1 
3 355 1 1467 1 2672 1 
2 561 2 1287 1 
2 1930 1 2714 1 
5 766 1 1625 1 2073 1 2274 1 2322 1 
3 1178 1 1556 1 1612 1 
3 677 1 1765 1 2589 1 
3 437 1 1155 1 1548 1 
2 459 1 1525 1 
3 265 1 723 1 1812 1 
3 1536 1 2132 2 2616 1 
2 1625 1 2209 1 
4 998 1 2006 1 2465 1 2735 1 
4 446 1 816 1 2095 1 2351 1 
2 1366 1 1662 1 
3 190 1 609 1 721 1 
2 278 2 1720 1 
2 382 1 1316 1 
2 23 1 2041 1 
4 126 1 360 1 471 1 1780 1 
8 406 1 507 1 1056 1 1901 1 2066 1 2222 1 2523 1 2673 1 
1 999 2 
1 225 3 
2 2 1 2619 1 
2 379 1 2783 1 
3 160 1 789 1 2159 1 
6 148 1 474 1 479 1 932 1 949 1 1444 1 
2 842 1 1551 1 
3 435 1 899 1 1964 1 
3 1169 1 1696 1 2284 2 
4 1999 1 2236 1 2344 1 2494 1 
2 2416 1 2432 1 
2 395 1 2277 1 
2 758 1 2157 1 
2 366 1 594 1 
2 495 1 1284 1 
2 312 1 602 1 
2 407 1 1557 1 
3 910 1 2062 1 2517 1 
2 649 1 2782 1 
3 76 1 1136 1 1605 1 
3 551 1 962 1 2138 1 
3 1320 1 2087 1 2392 1 
5 75 2 812 6 1013 6 1037 2 1747 3 
3 881 1 1205 1 1872 1 
3 734 1 1806 1 1843 1 
3 90 1 1465 1 1527 1 
4 601 2 1439 1 2037 3 2143 2 
2 21 1 140 1 
3 468 1 2059 1 2215 1 
4 893 2 925 2 1986 1 2375 1 
3 347 1 779 1 2580 1 
4 644 1 860 1 894 3 1515 1 
2 513 1 1278 1 
2 1235 1 2658 1 
2 970 1 1656 1 
2 194 1 1429 1 
2 2296 1 2621 1 
2 2288 1 2418 1 
4 1489 1 2044 1 2234 1 2330 1 
4 1141 1 1555 1 1688 1 2113 1 
2 114 1 770 1 
10 31 1 174 1 559 1 831 1 959 1 1389 1 1408 1 1689 1 1811 2 2299 1 
2 462 1 1734 1 
4 520 1 992 1 2529 1 2576 1 
4 410 1 1615 1 1677 1 2545 1 
4 357 1 497 1 1774 1 2628 1 
2 1427 1 2678 2 
2 69 1 2728 1 
1 400 10 
4 52 1 110 1 835 1 2298 1 
2 12 1 1005 1 
2 181 1 2486 1 
3 25 1 262 1 846 1 
6 83 1 233 1 370 1 698 1 2131 2 2736 1 
2 424 2 1112 1 
1 1085 2 
2 679 1 1895 1 
7 654 1 792 2 832 1 857 1 1561 1 1629 1 2213 2 
2 1236 1 2232 1 
6 10 1 338 1 987 1 1127 1 1883 2 2261 1 
2 1201 1 2248 1 
6 42 1 568 4 1785 1 2007 1 2485 1 2738 1 
2 292 1 945 1 
3 121 1 2031 1 2211 1 
2 30 1 1586 1 
1 1035 3 
6 607 1 808 1 1834 1 2134 1 2400 1 2654 1 
2 1031 1 2023 1 
2 837 1 1886 1 
3 280 1 864 1 2093 1 
2 436 1 1921 1 
2 150 3 508 1 
2 250 1 2774 1 
3 1825 1 2065 1 2683 1 
4 217 1 706 1 1752 1 2140 1 
5 295 1 317 1 488 1 1582 1 2693 1 
2 18 1 1486 1 
5 276 1 353 1 820 1 944 1 1554 1 
3 1511 1 1941 1 2364 1 
6 297 15 1499 3 1574 1 1770 2 2043 2 2107 2 
2 1039 1 1547 1 
2 147 1 582 1 
4 659 2 1571 1 2129 1 2319 1 
2 621 1 1381 1 
2 1250 1 2623 1 
5 391 2 719 1 1724 1 2305 1 2348 1 
2 1227 1 1791 1 
1 580 3 
3 1157 1 1280 1 2779 2 
3 1270 1 1974 2 2290 2 
1 2686 2 
2 1627 1 2253 1 
51 51 6 100 2 121 2 228 2 243 1 272 1 375 1 410 1 425 2 515 2 554 5 590 2 697 1 870 8 887 1 910 2 946 1 981 1 1002 1 1075 3 1094 2 1218 3 1280 3 1331 15 1368 1 1412 1 1452 9 1481 12 1625 1 1654 3 1750 2 1764 1 1844 1 1860 3 1886 1 1919 1 2050 2 2067 1 2167 6 2193 1 2208 1 2277 5 2278 1 2357 1 2393 4 2428 3 2560 1 2609 4 2717 2 2725 1 2754 3 
42 53 2 124 1 136 1 344 1 467 2 480 2 483 1 510 1 514 5 541 5 640 1 694 2 963 5 1006 1 1040 4 1085 1 1102 1 1150 4 1153 1 1199 1 1392 1 1441 1 1443 1 1545 1 1811 16 1822 2 1860 2 1869 1 1872 8 1898 1 1918 1 2235 2 2248 1 2310 3 2322 1 2335 2 2360 1 2371 3 2462 2 2490 9 2609 26 2700 3 
15 160 1 312 1 368 1 410 18 745 1 973 3 1137 1 1244 1 1483 1 2059 2 2076 1 2190 2 2400 1 2560 5 2711 1 
29 162 3 193 1 350 1 444 7 545 38 551 4 849 1 865 6 870 5 896 3 1006 1 1108 1 1175 1 1218 1 1362 11 1475 56 1657 22 1776 2 1860 2 1906 1 2091 33 2117 30 2126 1 2307 1 2347 1 2358 1 2411 1 2609 5 2658 3 
47 35 2 68 1 112 2 165 4 243 1 328 1 330 2 340 3 387 3 410 4 692 3 694 1 831 1 910 1 924 5 1073 1 1157 10 1175 3 1210 1 1218 2 1280 1 1524 6 1530 1 1817 1 1822 2 1845 7 1860 2 1886 2 1984 3 2053 3 2119 1 2121 4 2146 1 2181 1 2212 3 2243 1 2246 1 2279 2 2357 1 2462 6 2477 2 2485 3 2530 1 2568 4 2658 1 2717 5 2729 14 
28 35 2 91 5 103 1 157 1 211 2 352 1 637 3 653 4 775 1 966 1 1411 1 1423 2 1548 1 1638 11 1725 1 1727 4 2167 2 2279 4 2305 1 2307 1 2339 1 2410 1 2485 2 2523 1 2586 3 2625 1 2725 1 2754 3 
34 105 1 180 3 212 1 265 1 374 1 422 1 559 1 600 3 658 1 669 2 733 4 910 2 939 1 1084 3 1085 2 1167 3 1175 5 1397 2 1699 1 1707 1 1735 1 1811 11 2017 4 2032 4 2091 19 2138 5 2159 1 2165 7 2352 3 2358 1 2411 1 2609 6 2610 7 2658 1 
21 157 1 222 1 373 1 592 1 692 2 887 2 1175 4 1218 1 1246 2 1483 3 1540 7 1589 1 1677 10 2096 4 2120 1 2426 3 2485 6 2560 1 2589 2 2610 2 2614 1 
49 9 1 50 6 75 2 87 2 170 1 185 1 268 1 284 2 289 3 338 1 392 1 439 24 555 1 605 1 666 1 800 1 813 1 975 4 1014 10 1134 1 1141 9 1144 1 1164 1 1213 1 1340 4 1436 1 1469 2 1516 1 1566 1 1606 2 1661 1 1700 1 1721 14 1824 3 1842 1 1867 1 1939 24 2003 30 2015 2 2048 7 2054 24 2303 1 2309 48 2336 1 2541 1 2720 9 2733 1 2771 2 2780 3 
43 14 1 76 2 152 1 285 6 289 3 338 1 478 1 533 1 666 1 772 1 869 20 915 3 1000 1 1057 2 1141 1 1186 1 1242 1 1375 1 1465 53 1516 3 1535 2 1555 5 1661 1 1682 3 1688 35 1742 60 1756 4 1842 1 1900 10 1924 3 2003 17 2108 11 2134 1 2155 1 2217 2 2346 1 2482 3 2503 1 2507 1 2533 2 2543 1 2638 54 2763 1 
18 144 2 152 2 201 1 442 2 654 1 755 1 908 3 933 6 1166 2 1211 1 1217 4 1379 4 1477 1 1566 12 1567 8 1673 4 1912 1 2639 1 
11 152 2 346 1 654 2 664 1 933 3 1166 14 1567 7 1617 2 2166 1 2481 1 2618 1 
4 268 163 1107 15 1533 174 2231 174 
29 4 2 165 1 167 1 174 1 328 6 400 4 630 1 659 3 780 2 865 16 1091 1 1102 1 1481 1 1678 1 1745 1 1873 1 1891 1 1904 1 1909 4 2001 2 2062 2 2091 7 2513 1 2541 4 2557 1 2599 2 2602 7 2605 4 2748 1 
22 214 1 509 51 707 1 979 2 984 1 1090 1 1128 1 1238 1 1252 2 1272 1 1307 2 1627 1 1658 1 1806 1 1948 4 1966 2 1998 1 2041 4 2191 4 2222 1 2264 3 2323 1 
8 440 14 688 1 910 2 1085 2 1710 4 1968 1 2300 1 2669 4 
38 35 2 103 2 306 7 369 2 489 7 545 11 547 1 603 2 781 1 865 15 868 1 942 1 963 2 1085 1 1118 1 1331 6 1350 1 1660 3 1693 20 1777 1 1907 1 2062 1 2117 16 2181 1 2192 1 2203 1 2250 38 2267 1 2321 2 2358 2 2410 1 2500 6 2540 20 2563 10 2609 3 2664 2 2691 3 2754 6 
44 35 3 40 8 55 6 133 7 229 1 335 2 340 3 410 4 462 1 479 1 487 1 512 30 590 4 596 1 746 1 766 4 864 2 912 2 936 1 1006 1 1175 2 1390 1 1442 2 1472 5 1657 38 1725 1 1823 8 1845 13 1886 1 1898 1 1919 1 1982 1 2001 1 2016 16 2212 5 2268 3 2307 3 2352 1 2357 1 2410 1 2464 1 2658 2 2743 1 2752 4 
29 57 1 195 1 335 2 340 5 434 5 445 1 545 9 552 1 1018 1 1175 3 1190 2 1331 10 1475 19 1498 1 1657 14 1675 1 1703 3 1736 1 1874 2 1886 1 2091 19 2101 2 2128 1 2268 2 2464 1 2550 1 2605 1 2658 1 2752 3 
27 67 1 84 6 328 5 347 1 382 1 804 1 855 2 1175 1 1249 1 1442 4 1455 2 1531 2 1540 4 1643 7 1710 2 1793 1 2264 3 2272 1 2294 1 2329 4 2352 2 2363 3 2392 1 2431 3 2453 1 2485 6 2743 4 
33 23 18 183 9 199 3 241 1 403 4 860 1 867 3 929 6 987 1 1089 1 1093 2 1187 4 1195 2 1265 1 1300 17 1345 10 1515 1 1607 19 1692 1 1859 2 1921 1 1958 2 1990 1 1997 13 2024 4 2107 5 2123 9 2291 2 2326 1 2389 2 2405 1 2447 2 2676 1 
33 23 8 37 5 60 9 65 17 82 2 301 1 403 1 473 2 634 4 777 10 857 1 867 20 928 3 929 3 935 1 1138 2 1257 1 1543 6 1587 3 1607 3 1697 6 1816 1 1915 1 1958 4 1977 1 1997 6 2024 1 2142 1 2384 17 2389 1 2646 10 2756 1 2766 10 
51 58 2 118 1 130 4 183 7 321 3 436 3 465 1 527 1 528 1 691 5 709 1 867 21 929 5 948 2 996 5 1054 4 1093 5 1274 3 1332 2 1426 10 1534 2 1587 2 1594 1 1629 2 1684 1 1697 1 1709 1 1712 3 1829 12 1859 1 1870 1 1925 26 1997 5 2024 4 2107 2 2112 2 2175 2 2198 1 2285 1 2291 1 2296 1 2389 12 2405 2 2424 11 2554 9 2643 1 2731 3 2736 1 2751 2 2756 1 2761 6 
45 74 1 133 11 257 2 259 1 391 5 410 6 545 2 603 2 613 1 657 1 692 4 723 2 724 1 789 1 847 4 942 2 973 3 981 2 1062 1 1175 1 1192 4 1342 2 1433 1 1472 1 1475 2 1487 1 1763 1 1790 1 1860 3 1974 2 2008 4 2076 2 2095 10 2124 1 2221 2 2225 1 2290 1 2341 1 2352 1 2428 1 2487 1 2491 1 2613 1 2688 5 2754 2 
15 52 3 264 1 299 1 488 1 927 30 1269 1 1276 6 1413 1 1475 1 1504 1 1582 11 2005 1 2098 24 2477 4 2694 1 
50 4 3 94 2 111 2 161 1 211 1 249 1 290 1 320 1 393 5 425 6 488 4 545 6 568 1 769 1 865 1 946 5 998 1 1002 1 1071 4 1074 1 1085 1 1102 1 1129 1 1157 2 1175 2 1280 2 1293 1 1329 3 1333 2 1416 2 1498 1 1540 2 1618 5 1642 1 1693 4 1725 2 1810 3 1819 1 1827 2 2035 7 2062 2 2076 1 2091 30 2257 5 2266 1 2464 2 2465 5 2467 4 2560 2 2775 5 
21 211 4 509 31 782 1 823 3 1052 1 1293 1 1347 3 1394 1 1443 4 1557 13 1669 3 1707 2 1757 2 1795 7 1856 1 1908 2 2091 20 2305 7 2480 1 2565 1 2698 13 
9 329 1 456 1 896 1 900 1 1175 4 1744 1 2036 1 2659 1 2738 20 
1 624 1 
11 136 1 440 1 449 1 474 1 688 1 905 2 1085 8 1377 1 1393 2 1625 1 2669 2 
27 35 2 91 1 103 1 180 1 191 2 456 1 583 2 688 1 779 1 861 5 865 1 942 1 1006 1 1085 1 1240 2 1256 9 1260 3 1419 2 1439 10 1582 6 1785 2 1966 1 2095 7 2139 1 2167 4 2257 3 2410 1 
40 78 2 141 1 143 1 157 2 311 1 375 1 410 1 597 1 690 3 865 1 887 1 1039 3 1175 1 1266 1 1323 18 1431 1 1482 1 1530 1 1610 1 1634 1 1710 2 1741 5 1841 5 1860 1 1901 1 1917 4 1948 1 2082 11 2140 9 2212 1 2304 1 2311 1 2329 13 2453 1 2530 1 2624 18 2655 2 2674 2 2714 3 2764 1 
35 180 4 312 5 329 1 434 1 665 1 688 1 957 1 972 4 1084 1 1122 1 1158 2 1218 1 1255 1 1329 1 1440 1 1455 5 1475 76 1497 5 1503 1 1659 1 1715 1 1724 8 1727 3 1860 2 1880 4 1909 2 1966 2 2076 2 2117 5 2191 3 2340 6 2511 1 2560 5 2743 6 2752 1 
21 328 11 349 2 374 2 535 1 648 1 667 2 724 2 780 2 1153 2 1157 6 1175 1 1547 4 1780 1 1878 1 2076 1 2117 7 2450 1 2479 1 2500 4 2546 1 2698 10 
62 10 4 27 4 65 9 92 1 118 2 123 5 130 5 255 2 321 34 389 2 498 1 517 1 563 5 574 2 586 5 713 2 777 15 867 37 894 1 904 2 929 3 969 1 996 2 1060 1 1172 2 1274 3 1332 1 1349 3 1361 2 1426 1 1594 3 1601 1 1712 1 1727 1 1816 2 1925 12 1956 7 1988 1 1990 2 1992 1 1994 1 1997 1 2024 3 2103 5 2112 3 2131 1 2175 1 2226 7 2291 2 2324 2 2367 4 2389 3 2405 1 2424 21 2454 1 2518 1 2584 3 2588 1 2630 1 2676 2 2736 1 2765 3 
49 35 2 40 1 46 1 103 1 129 1 232 11 243 1 387 5 434 14 510 1 515 1 553 1 829 4 865 10 910 1 913 1 979 2 1001 4 1033 1 1075 7 1112 1 1175 1 1484 15 1524 5 1571 2 1651 1 1834 2 1846 3 1860 1 1901 3 1940 1 2007 3 2008 2 2053 4 2075 10 2082 1 2095 18 2124 1 2167 2 2250 22 2277 6 2338 1 2485 2 2497 2 2498 1 2560 2 2629 1 2688 1 2754 1 
28 35 2 220 2 227 1 344 7 371 2 377 1 390 3 547 1 564 9 865 20 902 1 1085 1 1157 7 1175 3 1331 7 1551 3 1553 2 1725 12 1772 1 2062 3 2082 31 2117 20 2305 1 2540 5 2609 1 2617 2 2754 4 2782 1 
28 66 1 84 7 217 1 218 1 291 2 302 1 509 36 545 15 556 1 604 1 895 4 907 4 920 1 1006 1 1018 1 1068 1 1175 2 1301 1 1342 1 1418 1 1645 4 1646 2 1693 8 2091 29 2109 1 2187 4 2658 2 2738 4 
8 56 4 156 2 300 1 469 2 927 5 1276 6 2013 1 2265 1 
31 12 1 129 4 229 1 261 1 377 1 425 4 485 5 493 10 561 4 667 2 688 1 747 3 816 5 865 10 942 1 1061 2 1102 1 1175 1 1286 2 1412 1 1645 6 1678 1 1680 1 1780 6 1959 3 2059 1 2143 2 2305 15 2310 1 2413 2 2541 4 
23 85 1 335 2 509 16 531 1 902 10 1002 4 1006 1 1059 1 1098 3 1118 8 1128 28 1175 3 1280 2 1417 2 1434 1 1536 1 1618 1 1819 2 1966 4 2091 40 2094 1 2427 1 2609 49 
45 88 1 105 5 304 2 374 1 380 7 511 14 545 35 596 1 642 2 688 1 741 1 815 3 892 3 910 1 965 1 981 2 1006 1 1123 2 1125 1 1159 1 1175 1 1255 1 1409 1 1475 37 1568 3 1662 5 1725 6 1835 1 1856 2 1860 1 2117 3 2120 1 2164 2 2169 6 2256 1 2279 4 2287 5 2357 1 2427 1 2462 4 2559 1 2707 1 2714 2 2752 3 2781 1 
14 437 1 490 1 615 5 714 1 918 2 1175 1 1235 5 1335 3 2036 1 2216 1 2259 1 2426 1 2573 3 2632 8 
11 58 24 196 24 450 1 1037 24 1193 1 1322 1 1361 900 1534 37 1561 24 1594 3 2424 1 
16 0 1 440 12 474 1 515 1 657 3 688 3 910 4 1000 1 1361 153 1471 1 1534 72 2320 40 2408 1 2622 363 2669 1 2725 1 
37 17 12 35 2 679 4 688 1 696 5 712 4 789 1 804 1 865 8 1006 1 1011 4 1102 1 1175 1 1235 2 1273 1 1323 2 1330 8 1539 1 1610 1 1746 1 1753 2 1790 2 1810 2 1908 1 1966 1 2062 2 2095 14 2205 1 2250 5 2275 3 2339 2 2435 4 2560 1 2609 7 2655 1 2711 1 2718 2 
37 35 2 78 12 138 1 424 1 467 15 655 11 783 5 793 2 865 3 911 1 1006 1 1061 1 1114 11 1175 3 1308 3 1438 8 1449 1 1475 1 1580 2 1652 15 1769 6 1785 6 1817 1 1966 2 2203 5 2215 1 2222 1 2264 2 2266 2 2347 6 2379 1 2464 1 2485 5 2610 19 2691 1 2726 5 2775 1 
57 40 1 143 1 150 5 154 50 300 2 305 1 335 5 344 4 368 2 410 3 438 1 441 1 514 2 557 1 636 1 649 2 724 2 740 3 910 1 916 1 924 3 1175 2 1181 9 1210 1 1234 2 1240 1 1424 2 1442 2 1457 1 1557 14 1631 2 1741 1 1780 4 1860 1 1940 2 2001 1 2071 2 2090 3 2095 9 2096 3 2101 1 2138 1 2169 2 2212 5 2278 2 2348 1 2357 1 2418 2 2420 2 2477 4 2524 1 2540 8 2606 3 2714 3 2754 1 2764 9 2776 3 
34 79 1 84 3 150 5 328 13 335 1 351 25 400 1 492 2 626 1 734 7 1007 1 1218 1 1307 2 1313 5 1455 3 1483 1 1491 1 1740 1 1776 5 1819 2 1979 8 2001 1 2019 5 2082 15 2091 26 2186 2 2201 5 2279 3 2340 13 2462 10 2485 6 2500 2 2597 2 2711 1 
32 21 1 78 8 84 1 113 2 150 8 193 1 340 2 352 2 431 4 637 4 757 2 959 2 1006 1 1071 10 1156 1 1175 4 1293 1 1308 3 1493 1 1531 6 1701 2 1833 2 1902 8 2036 1 2091 23 2224 1 2488 6 2497 1 2500 2 2521 4 2658 2 2680 2 
36 35 1 103 2 211 2 281 5 323 3 332 13 501 1 545 31 595 1 767 1 1085 1 1101 2 1102 1 1157 4 1175 2 1178 9 1238 1 1264 3 1392 1 1528 2 1647 1 1955 3 2019 5 2066 2 2091 2 2167 9 2250 18 2258 1 2273 1 2305 4 2317 5 2319 1 2502 2 2581 8 2698 1 2725 1 
25 35 3 193 1 320 1 328 7 350 1 353 1 829 4 918 4 924 8 947 1 1001 2 1020 1 1061 1 1175 2 1208 2 1412 1 1652 10 1725 4 1761 1 1909 3 2126 2 2212 1 2279 8 2446 1 2737 2 
48 46 1 133 1 154 3 188 3 218 1 300 1 311 2 319 1 375 1 387 3 547 1 621 2 668 1 740 8 849 1 910 1 951 3 957 1 968 1 1006 1 1068 1 1092 1 1114 1 1175 1 1442 2 1481 2 1608 1 1680 1 1831 1 1860 2 1949 2 1959 8 1993 1 2035 1 2067 7 2095 1 2352 1 2357 3 2376 2 2393 2 2410 1 2411 2 2462 11 2530 1 2560 4 2573 2 2714 1 2717 3 
59 39 3 50 9 75 1 87 2 102 1 170 1 185 1 203 2 213 1 253 5 284 6 289 15 326 1 358 3 415 1 439 1 453 1 571 1 605 1 632 2 682 1 701 1 770 13 915 5 1042 2 1060 1 1127 2 1160 1 1164 1 1168 2 1375 1 1535 1 1555 4 1605 1 1606 2 1648 4 1661 2 1695 4 1742 47 1824 3 1939 10 1969 1 1971 29 1991 1 2003 34 2083 5 2171 1 2261 2 2303 12 2336 1 2385 1 2430 2 2438 2 2451 3 2503 2 2595 3 2634 1 2638 2 2780 5 
38 50 6 64 3 75 1 155 1 189 4 285 2 345 1 356 3 384 1 415 1 478 1 598 2 752 1 883 1 937 3 1160 1 1357 1 1371 37 1476 1 1480 1 1494 1 1661 1 1721 5 1893 1 1991 6 1996 26 2003 6 2020 3 2261 1 2433 2 2438 2 2468 2 2471 5 2473 1 2564 1 2657 1 2668 10 2771 1 
51 76 2 117 1 139 1 170 2 240 1 245 1 289 10 356 3 362 4 384 8 418 1 446 12 549 1 571 1 705 2 737 9 760 3 869 26 883 2 897 15 926 3 978 1 1036 1 1127 1 1134 9 1173 1 1174 2 1346 7 1447 13 1465 96 1598 1 1603 4 1661 1 1683 1 1688 43 1755 1 1924 1 1970 1 1991 3 1996 36 2116 3 2171 2 2354 1 2433 1 2471 2 2515 1 2533 1 2543 1 2612 1 2747 1 2771 2 
14 152 2 346 1 516 1 654 1 664 1 1211 4 1353 2 1505 2 1567 1 1617 1 1775 1 2100 1 2166 1 2618 2 
6 268 17 853 10 1107 216 1113 79 1267 15 2231 2 
23 113 2 236 1 258 2 509 8 514 2 547 2 735 1 891 5 1075 9 1246 5 1588 2 1698 3 1908 7 1966 1 2006 1 2050 1 2065 2 2139 3 2329 8 2434 2 2452 2 2551 1 2686 1 
22 180 15 443 2 1003 1 1085 1 1175 1 1308 1 1334 1 1388 6 1608 4 1622 2 1633 10 1657 31 1671 1 1801 1 1917 7 1923 5 2030 9 2062 3 2305 1 2467 2 2479 1 2485 5 
1 1000 5 
11 136 1 440 11 474 1 688 1 831 1 905 2 1085 4 1102 2 1196 1 2121 8 2669 1 
44 35 3 129 7 308 1 317 1 319 5 344 1 425 4 509 34 545 2 603 5 626 1 718 3 870 2 884 1 936 4 1043 10 1061 1 1102 1 1175 3 1180 5 1308 2 1323 1 1331 5 1335 4 1381 1 1448 1 1694 1 1966 6 2030 9 2067 4 2161 2 2310 8 2358 1 2410 1 2411 4 2485 5 2560 2 2577 3 2605 2 2610 4 2655 1 2661 1 2754 5 2777 1 
40 40 4 106 5 150 1 306 6 314 1 581 3 638 1 715 1 754 1 759 2 847 4 910 1 1006 1 1061 1 1094 1 1123 4 1175 3 1331 3 1478 1 1588 1 1635 8 1693 1 1713 2 1797 1 1860 1 1954 3 1963 1 1993 3 2237 2 2279 3 2341 8 2352 3 2393 2 2428 1 2541 8 2658 1 2714 3 2716 1 2717 1 2754 3 
26 66 1 145 2 150 2 193 2 340 7 545 2 610 1 802 1 906 4 925 1 958 2 1085 1 1175 1 1249 1 1316 2 1367 1 1411 2 1457 1 1725 1 1976 11 2091 20 2255 1 2332 7 2609 45 2675 1 2688 2 
27 167 11 205 13 368 1 434 6 511 5 637 2 688 1 692 5 1084 6 1167 4 1175 2 1442 2 1463 1 1656 7 1819 1 1890 1 1959 3 2008 1 2317 3 2329 6 2339 2 2352 2 2426 1 2528 2 2681 7 2708 24 2783 1 
39 2 30 7 4 13 1 63 5 65 1 118 1 123 1 130 2 215 4 255 1 389 2 528 7 894 1 909 1 929 5 996 4 1093 3 1104 1 1274 12 1543 1 1594 4 1743 2 1988 31 1992 1 2024 1 2107 1 2142 2 2175 3 2291 2 2324 1 2386 1 2405 1 2518 20 2554 3 2562 1 2588 1 2643 4 2736 7 2756 2 
30 8 2 10 1 23 10 60 3 86 8 118 7 130 5 271 3 321 10 367 1 436 3 499 14 644 1 786 2 929 3 1543 1 1611 4 1626 1 1687 1 1997 3 2024 4 2122 1 2226 35 2337 4 2447 14 2544 2 2574 1 2643 10 2723 1 2766 4 
45 23 48 27 6 65 1 92 1 197 1 241 10 255 3 337 5 364 1 386 1 403 1 622 1 736 1 820 1 850 3 867 9 909 1 929 10 1054 2 1265 11 1451 8 1466 2 1543 5 1594 4 1607 6 1626 10 1637 2 1672 11 1692 3 1747 10 1839 2 1972 5 2024 2 2291 1 2389 5 2405 2 2414 8 2518 8 2574 1 2630 1 2643 1 2723 2 2736 1 2739 1 2760 2 
45 28 1 65 2 118 4 123 1 234 5 370 2 426 1 473 3 503 1 563 2 702 1 768 1 778 2 792 16 901 1 904 3 909 2 929 14 990 1 1054 3 1138 4 1195 1 1421 1 1513 1 1517 8 1601 12 1925 25 1958 4 2024 4 2122 6 2252 4 2291 4 2293 23 2324 9 2381 1 2383 1 2389 2 2405 2 2424 5 2518 3 2554 2 2643 27 2731 1 2739 1 2766 1 
4 1276 57 1458 1 2098 15 2477 1 
38 35 3 146 1 377 1 493 8 545 2 567 7 569 1 902 11 942 1 1002 1 1004 1 1151 5 1153 1 1283 2 1301 1 1331 15 1462 3 1542 1 1725 3 1791 3 2001 1 2008 1 2088 1 2097 3 2111 12 2187 1 2188 1 2229 2 2236 4 2345 1 2358 1 2408 1 2475 2 2500 6 2511 3 2583 2 2609 9 2691 4 
10 142 1 150 9 591 1 1142 2 1175 2 1258 3 1715 1 2318 1 2464 1 2494 1 
17 224 2 488 16 1097 1 1178 4 1376 2 1699 1 1707 2 1735 1 1794 1 1847 1 1908 2 2091 16 2139 4 2449 1 2509 1 2534 1 2609 57 
8 136 1 449 1 474 2 688 1 964 1 1393 2 1966 2 2669 1 
41 33 10 78 4 121 1 154 2 226 5 329 10 387 3 438 1 479 1 625 4 677 4 694 1 717 8 809 5 865 6 910 1 999 3 1175 4 1219 1 1234 2 1442 2 1503 4 1504 4 1573 5 1625 3 1630 1 1635 3 1843 1 2016 5 2046 3 2095 9 2264 7 2278 1 2279 3 2305 2 2341 1 2352 2 2560 1 2609 31 2697 11 2774 1 
27 34 13 55 1 263 5 272 1 287 1 327 2 425 4 585 3 597 3 718 3 730 28 817 1 854 1 1158 2 1175 2 1218 1 1235 1 1299 2 1975 1 2001 1 2008 1 2014 1 2277 2 2279 3 2560 1 2708 12 2711 1 
40 45 1 91 2 121 2 133 8 162 1 288 1 340 7 379 1 410 5 420 1 485 1 610 2 613 3 723 2 733 1 896 7 946 4 963 10 999 1 1085 1 1102 1 1308 4 1336 1 1490 1 1783 1 1891 1 2095 24 2110 2 2304 2 2310 2 2317 2 2350 1 2359 12 2397 1 2410 1 2426 2 2485 5 2589 1 2666 1 2682 1 
27 328 1 488 53 667 4 865 7 910 1 957 2 968 2 980 2 1006 2 1112 1 1175 3 1475 6 1501 2 1531 1 1822 8 2078 1 2091 17 2117 24 2135 2 2181 1 2245 1 2268 1 2485 4 2490 2 2498 3 2654 1 2658 3 
51 33 6 127 1 150 4 320 2 351 4 375 1 380 3 385 1 387 6 635 1 677 1 708 1 712 6 730 5 742 1 903 2 910 1 1005 1 1117 2 1124 1 1151 1 1175 1 1181 14 1244 1 1524 3 1785 4 1875 1 1908 1 1919 1 1984 1 2067 6 2071 2 2095 28 2133 1 2158 4 2250 5 2271 1 2279 5 2284 11 2334 3 2352 2 2360 1 2393 7 2407 1 2411 1 2457 1 2485 1 2559 2 2714 1 2718 4 2754 2 
50 35 1 53 10 129 4 187 2 328 2 335 4 352 1 377 1 410 1 467 8 514 1 545 36 694 1 810 2 896 1 1085 1 1102 1 1118 9 1157 2 1175 1 1234 4 1308 1 1386 3 1445 1 1593 5 1608 2 1631 1 1657 4 1689 1 1727 5 1735 1 1872 13 1891 2 2019 6 2023 1 2062 3 2275 4 2305 2 2311 1 2332 1 2344 3 2377 1 2488 4 2500 5 2502 4 2541 1 2609 9 2655 1 2703 6 2754 1 
24 84 9 212 1 381 1 618 10 759 2 887 2 912 1 936 2 1000 5 1061 3 1175 1 1483 8 1725 3 1727 1 1808 1 1923 2 1960 5 1979 1 2040 1 2221 2 2475 4 2523 1 2541 1 2591 9 
31 150 6 193 2 238 4 250 14 352 4 417 1 491 1 504 1 522 1 545 25 816 16 861 1 974 3 1006 1 1038 4 1048 2 1085 1 1175 3 1282 4 1384 1 1420 1 1475 2 1498 1 1737 3 1976 20 2212 1 2467 1 2531 1 2579 2 2658 1 2738 7 
18 231 1 332 4 488 1 866 2 1276 1 1481 18 1582 1 1586 1 1609 5 1696 1 2013 24 2098 1 2117 1 2239 4 2265 1 2462 1 2477 1 2694 2 
32 23 6 154 37 265 3 281 15 425 4 444 8 545 27 762 7 773 2 844 7 902 12 936 3 1024 35 1085 1 1159 1 1175 3 1176 1 1519 1 1546 1 1645 4 1725 3 1813 1 1819 5 1891 1 2192 1 2250 22 2265 1 2275 4 2323 1 2518 1 2537 1 2560 4 
19 56 46 80 4 108 6 211 2 653 1 765 3 830 1 963 7 1006 1 1175 2 1305 1 1410 5 1475 7 1501 1 1860 1 2091 23 2117 20 2143 2 2174 1 
17 84 4 128 1 150 5 180 17 282 4 327 2 400 1 459 6 776 1 1101 2 1335 8 1475 1 1748 3 2076 1 2082 15 2279 8 2707 1 
39 154 4 177 1 188 2 208 1 319 1 488 1 590 10 626 2 650 1 688 1 723 4 770 6 831 2 855 1 888 2 910 2 972 2 1092 1 1175 2 1378 2 1475 1 1631 2 1860 1 1890 1 2158 2 2162 1 2174 2 2228 1 2236 1 2279 3 2290 5 2352 2 2411 1 2462 10 2498 1 2541 4 2598 1 2629 2 2779 13 
3 58 36 1534 84 2619 192 
1 1508 2 
15 169 32 196 33 297 96 530 864 660 24 688 6 812 39 1037 7 1109 5 1534 36 1544 15 1804 12 2562 72 2619 340 2669 3 
39 4 1 35 2 101 1 113 1 150 10 162 2 273 1 287 3 374 1 400 4 467 8 476 2 480 2 600 9 712 1 724 1 806 1 1006 1 1085 1 1175 1 1471 1 1486 2 1493 1 1522 4 1591 1 1618 2 1652 3 1780 8 1863 1 2030 10 2094 1 2111 2 2201 5 2411 2 2426 1 2485 5 2581 19 2658 3 2743 2 
34 17 4 53 23 457 1 514 1 679 4 884 3 902 2 1002 6 1003 5 1040 3 1050 1 1102 1 1255 1 1272 7 1416 3 1519 1 1524 10 1659 2 1825 2 1997 10 2013 7 2062 1 2067 1 2073 2 2090 4 2156 1 2160 1 2200 1 2265 3 2310 1 2390 1 2658 5 2722 1 2754 3 
32 54 1 188 1 289 1 334 1 352 5 534 1 764 1 797 1 821 1 826 2 1012 1 1048 2 1070 2 1086 1 1331 1 1725 1 1727 1 1748 1 1782 3 1856 1 1889 3 1961 1 1979 1 2068 1 2231 2 2485 17 2515 1 2531 1 2575 1 2610 1 2615 1 2756 1 
39 157 1 226 1 509 1 626 2 658 3 712 3 821 2 932 1 951 1 989 1 1006 1 1126 2 1442 2 1452 2 1455 1 1479 2 1510 9 1635 28 1833 2 1856 5 1860 2 1966 1 1982 3 1984 1 2095 3 2097 9 2124 1 2248 1 2331 1 2352 2 2357 2 2475 1 2530 1 2545 1 2560 1 2568 3 2609 11 2610 5 2764 6 
30 1 6 78 3 228 2 352 1 431 4 444 2 903 3 931 2 988 5 1006 2 1045 1 1056 3 1112 1 1175 2 1218 6 1317 4 1331 6 1645 3 1722 1 1725 6 1735 1 2007 1 2055 3 2132 1 2341 3 2472 10 2516 1 2658 3 2742 1 2743 2 
48 4 1 35 1 250 1 328 2 375 1 387 8 483 2 519 8 554 2 590 2 674 1 809 1 864 1 910 1 934 1 942 1 1049 1 1068 1 1090 3 1120 5 1158 1 1175 2 1225 2 1306 1 1442 1 1475 100 1483 3 1528 2 1558 1 1645 3 1710 3 1718 3 1749 1 1800 1 1845 5 1886 1 2069 1 2082 2 2097 2 2206 1 2250 2 2352 7 2393 3 2462 39 2505 1 2560 1 2752 5 2754 4 
24 35 2 84 1 161 1 262 1 344 7 814 1 973 13 1049 1 1305 1 1455 8 1475 6 1573 13 1581 1 1707 3 1727 4 1869 2 2091 3 2389 6 2398 1 2464 1 2475 3 2485 4 2560 1 2777 1 
30 35 1 154 4 166 2 331 3 467 15 608 2 851 1 865 11 870 3 1085 1 1386 8 1397 2 1492 1 1725 7 1731 1 1740 9 1810 19 1811 3 1830 2 1886 1 1966 1 2030 10 2038 2 2071 17 2358 1 2408 1 2579 2 2609 3 2683 1 2777 1 
67 32 4 50 2 70 1 77 1 158 1 159 1 170 2 213 1 251 1 285 1 289 1 338 2 345 9 356 47 362 1 384 2 415 2 454 3 455 2 628 1 672 1 675 2 686 1 760 1 770 1 788 1 808 4 869 9 897 1 915 1 1060 7 1079 1 1168 2 1182 1 1321 4 1326 9 1375 1 1380 1 1436 8 1500 1 1535 1 1603 1 1665 1 1683 1 1702 1 1716 9 1742 5 1779 2 1802 1 1894 1 1900 2 1989 1 2003 12 2054 52 2116 1 2217 2 2372 1 2440 4 2471 2 2476 9 2515 3 2538 25 2543 9 2564 2 2657 1 2667 19 2763 1 
43 32 6 61 17 230 1 245 1 285 15 294 1 338 1 384 2 423 11 447 1 455 1 672 1 701 8 796 1 800 7 915 6 994 9 1014 6 1141 11 1173 2 1324 1 1351 2 1516 8 1535 3 1555 20 1562 1 1605 1 1661 1 1716 1 1721 1 1756 3 1779 2 1867 1 1980 1 1989 2 1991 2 2020 1 2312 1 2342 2 2387 1 2440 7 2515 1 2771 1 
33 75 2 155 4 170 2 275 1 392 1 526 1 605 3 728 1 790 1 813 1 954 2 1136 2 1144 4 1173 1 1312 12 1328 1 1465 13 1535 9 1702 2 1849 4 1893 1 1927 50 1991 1 2002 5 2003 27 2108 6 2155 1 2171 1 2372 1 2430 1 2469 1 2758 5 2771 1 
15 291 2 433 1 692 3 759 3 1175 1 1489 1 1551 1 1727 1 1819 3 2069 1 2117 5 2186 1 2502 2 2597 3 2640 3 
6 268 166 853 48 1107 169 1113 23 2084 155 2231 110 
25 35 1 68 4 129 5 324 1 425 5 467 21 545 6 564 18 637 1 799 1 942 2 960 1 1009 2 1012 11 1117 1 1288 1 1545 1 1693 5 1813 4 2022 4 2117 4 2339 2 2358 2 2490 4 2500 5 
17 286 1 420 14 431 3 485 4 603 1 719 1 936 1 1087 2 1230 1 1512 1 1608 2 1731 1 2186 3 2202 1 2462 6 2602 5 2652 1 
1 1508 2 
4 440 1 1460 8 2061 1 2121 3 
12 35 15 440 1 474 3 624 1 688 1 910 2 1196 1 1377 2 1393 1 1968 1 2176 1 2669 2 
32 157 1 180 6 187 1 206 2 300 8 328 2 642 10 688 1 861 2 923 3 1175 1 1290 1 1401 2 1442 1 1446 1 1455 6 1463 1 1539 7 1573 5 1819 5 2040 2 2091 14 2221 2 2264 3 2340 2 2356 1 2475 4 2521 4 2528 2 2680 3 2711 1 2715 6 
40 166 3 205 5 331 2 352 1 425 22 467 5 545 19 607 1 688 1 689 1 721 1 745 1 855 2 917 5 942 1 1061 1 1102 1 1175 1 1235 2 1238 2 1246 1 1280 1 1339 1 1402 1 1443 1 1528 5 1860 1 2062 1 2095 4 2192 2 2209 5 2254 2 2271 1 2276 1 2322 1 2358 1 2552 1 2553 5 2609 8 2754 3 
26 328 1 626 3 695 1 872 1 885 14 902 3 910 1 1006 1 1085 1 1175 1 1225 7 1646 1 1649 1 1853 1 1976 5 2102 3 2264 4 2318 2 2322 1 2339 1 2457 1 2464 2 2609 5 2652 1 2658 1 2666 2 
31 375 1 416 3 420 2 434 1 482 3 816 1 910 1 942 1 958 2 973 2 1143 1 1229 4 1266 1 1442 3 1693 8 1727 5 1750 4 1785 13 1932 2 1933 2 1967 3 2027 3 2097 4 2229 3 2270 1 2526 2 2530 2 2658 2 2678 2 2693 1 2717 2 
41 23 10 28 1 37 4 86 10 130 3 322 2 386 1 436 2 499 15 521 1 858 2 867 30 894 1 898 1 904 5 928 7 929 15 1000 5 1046 4 1177 1 1355 7 1543 6 1587 3 1594 1 1928 4 1992 2 2024 1 2043 1 2170 2 2337 5 2389 4 2394 3 2455 10 2495 1 2518 14 2561 1 2584 4 2643 33 2676 1 2723 1 2736 4 
33 23 4 215 21 241 8 255 2 321 14 343 1 386 6 389 2 403 3 645 1 899 1 929 5 944 2 1093 15 1332 5 1543 7 1626 2 1859 1 1957 1 1990 1 1997 11 2024 1 2043 1 2179 1 2291 2 2389 2 2405 1 2432 1 2447 1 2643 1 2676 1 2723 1 2762 1 
46 65 2 92 9 123 8 199 1 252 3 276 9 436 3 527 8 671 30 680 1 691 3 698 6 729 1 867 2 929 6 969 1 996 6 1133 3 1172 1 1263 1 1426 5 1451 11 1459 4 1623 1 1697 6 1712 4 1759 3 1773 11 1786 1 1868 1 1925 20 1990 1 2024 4 2042 3 2180 1 2226 30 2282 1 2291 3 2367 7 2389 7 2416 1 2432 2 2554 10 2588 1 2676 1 2736 7 
41 92 1 123 2 255 1 401 1 403 3 426 8 435 1 473 4 702 1 709 12 777 7 792 2 801 6 850 7 909 1 929 9 1294 1 1601 6 1626 1 1697 6 1859 2 1925 20 1956 1 1997 2 2004 10 2024 4 2122 3 2175 1 2263 1 2285 2 2291 1 2324 16 2394 1 2405 3 2554 10 2600 2 2627 3 2643 1 2676 1 2731 5 2766 1 
17 264 2 299 1 398 28 540 5 748 17 1088 2 1169 1 1276 31 1474 1 1861 1 2013 12 2117 2 2133 1 2464 1 2483 1 2684 1 2741 9 
21 35 1 147 1 227 1 328 5 545 5 639 3 830 1 865 8 870 1 1061 2 1175 1 1277 1 1308 5 1608 6 1615 3 1657 7 2019 6 2022 28 2029 1 2308 2 2587 1 
23 162 3 191 2 210 4 413 2 475 2 488 1 1021 2 1139 1 1191 2 1475 11 1486 1 1740 8 1791 3 1913 1 1948 2 1955 2 1968 1 2031 1 2039 1 2072 1 2117 18 2609 18 2680 2 
18 187 1 744 1 874 1 1216 1 1256 9 1356 1 1510 2 1550 4 1565 11 1819 1 1882 2 1985 1 2271 1 2475 2 2609 41 2691 1 2706 1 2752 4 
1 2669 1 
2 1102 2 1196 1 
47 1 1 78 3 96 1 160 4 202 1 311 1 319 3 376 1 387 12 512 4 519 3 604 1 638 1 800 11 870 10 910 1 1006 2 1175 4 1218 5 1243 1 1333 5 1431 1 1442 1 1498 2 1580 15 1652 15 1717 1 1776 1 1796 14 1886 1 1891 1 1984 4 2008 1 2076 1 2150 2 2283 1 2339 2 2357 2 2393 3 2545 10 2586 9 2610 7 2679 3 2705 12 2717 1 2729 2 2752 1 
40 48 3 78 3 182 1 480 3 564 11 569 1 583 3 803 1 809 2 868 1 884 1 910 2 1085 1 1102 1 1255 1 1272 2 1280 4 1374 1 1381 3 1529 1 1730 24 1739 2 1819 5 1840 1 2082 5 2086 1 2139 2 2144 2 2209 5 2241 4 2410 1 2413 1 2435 4 2453 1 2488 11 2581 9 2587 1 2610 14 2642 1 2708 13 
23 55 1 84 1 184 14 312 1 688 1 759 2 809 2 1061 3 1201 1 1580 15 1633 3 1780 3 1917 1 1979 2 2114 1 2163 1 2265 1 2276 1 2477 10 2485 10 2513 1 2586 3 2609 1 
34 150 16 244 2 328 1 641 1 738 1 865 7 931 8 1006 1 1117 1 1175 1 1281 7 1306 1 1350 1 1390 2 1467 5 1536 1 1596 1 1657 23 1772 1 1856 1 1948 2 1959 4 1966 4 2022 3 2318 3 2329 3 2351 2 2488 6 2498 1 2500 1 2658 1 2752 2 2769 1 2775 2 
34 84 1 121 1 250 1 263 3 265 2 325 1 352 1 411 2 457 1 545 40 687 1 733 1 825 1 846 1 910 2 1006 1 1085 1 1175 4 1320 1 1331 8 1438 4 1498 2 1560 1 1917 3 1966 3 1976 24 2030 3 2074 1 2305 1 2466 1 2610 9 2663 1 2716 1 2743 1 
25 113 2 467 40 584 1 717 12 805 1 809 2 963 4 1102 2 1128 5 1157 9 1448 1 1618 1 1638 1 1822 2 2060 5 2062 1 2236 9 2315 2 2410 2 2485 3 2500 3 2560 5 2649 1 2713 1 2726 1 
21 128 1 315 1 335 5 845 1 887 1 950 1 1000 3 1061 1 1167 1 1175 1 1216 1 1335 4 1538 1 1551 5 1593 4 1711 1 1869 5 2453 1 2528 1 2679 3 2726 4 
34 160 3 207 1 305 1 349 1 375 1 387 3 658 1 667 7 913 1 934 12 1006 1 1126 1 1175 2 1386 15 1457 1 1482 1 1625 2 1646 1 1810 4 1886 1 1984 1 2082 8 2095 11 2277 6 2284 1 2317 8 2352 2 2436 1 2478 1 2485 1 2545 1 2581 2 2604 1 2655 3 
5 107 1 332 1 1269 1 1475 2 1993 1 
19 20 1 35 1 84 3 543 1 545 30 688 1 865 6 912 1 1002 4 1224 1 1363 1 1501 6 1780 1 1919 2 2062 1 2212 1 2250 4 2358 2 2465 5 
42 21 1 40 4 55 1 129 2 210 1 266 1 351 3 368 2 375 1 844 4 865 1 910 1 918 1 942 1 1145 1 1175 4 1208 1 1261 1 1415 1 1557 21 1646 1 1693 10 1710 1 1732 2 1785 11 1860 1 1885 1 2059 3 2082 10 2095 2 2162 1 2277 5 2279 12 2286 1 2357 2 2462 1 2568 2 2579 1 2609 31 2658 1 2688 3 2714 1 
15 150 8 161 1 274 8 293 7 878 1 1017 2 1117 1 1175 1 1337 2 1771 2 1784 2 1903 7 2189 1 2307 1 2538 2 
25 193 1 339 3 366 6 425 3 706 1 769 1 874 1 1175 3 1191 2 1226 2 1347 4 1471 1 1527 1 1650 15 1762 1 1880 4 1891 1 1966 6 1987 1 2091 5 2305 19 2426 3 2479 1 2485 2 2665 3 
3 58 18 1025 157 2619 60 
2 1508 5 2061 2 
19 58 49 196 8 298 28 530 48 660 2 1037 5 1109 42 1322 11 1361 11 1534 65 1544 13 1561 2 1804 12 2291 4 2320 14 2337 19 2562 12 2619 69 2641 11 
47 35 1 40 1 55 1 68 4 150 6 487 5 639 2 647 2 658 1 690 2 730 2 798 4 818 2 912 1 913 1 942 3 1012 5 1047 2 1050 1 1175 1 1238 1 1303 1 1498 1 1625 3 1732 1 1785 3 1810 3 2067 5 2082 2 2095 5 2124 2 2162 1 2208 1 2251 1 2279 3 2322 1 2355 10 2364 3 2478 3 2486 1 2514 13 2587 1 2602 10 2609 6 2625 1 2714 4 2717 21 
29 84 8 150 1 187 1 336 1 425 3 509 25 545 25 855 2 865 1 870 11 1002 10 1006 2 1029 10 1071 4 1175 3 1657 2 1725 10 1851 8 1966 1 2053 6 2191 8 2201 1 2401 1 2509 1 2511 1 2581 22 2609 20 2658 2 2743 2 
16 91 5 103 2 295 1 400 1 543 3 583 2 839 1 965 1 1540 5 1634 6 1638 4 1643 1 1725 11 2030 11 2036 5 2410 1 
41 25 2 125 5 150 1 166 4 228 1 239 6 269 7 335 1 380 1 568 2 596 1 690 7 1061 1 1068 1 1175 2 1206 1 1579 2 1635 45 1693 2 1746 2 1780 1 1785 1 1818 1 1886 2 1897 4 1943 2 1984 1 2069 1 2082 5 2306 10 2352 1 2357 3 2359 10 2410 1 2460 20 2485 2 2560 1 2578 1 2714 3 2718 2 2745 9 
24 35 1 53 4 103 3 304 2 320 1 467 4 896 4 1085 1 1112 1 1246 4 1261 1 1333 4 1381 5 1455 6 1527 1 1547 1 1832 1 1919 3 2001 1 2062 1 2279 6 2339 2 2540 3 2753 1 
27 69 1 84 4 594 1 688 1 754 1 816 4 823 1 887 1 1028 3 1061 1 1175 1 1407 3 1442 1 1643 4 1645 2 1659 4 1740 1 2019 1 2130 1 2301 7 2307 1 2464 2 2485 4 2492 1 2610 12 2734 1 2783 1 
28 112 3 160 6 193 1 509 1 545 48 785 1 910 2 961 1 973 2 1175 3 1221 1 1468 3 1475 8 1529 1 1568 1 1714 1 1725 4 1735 3 1764 1 1854 1 1899 1 2022 3 2076 1 2186 2 2434 1 2609 5 2658 1 2688 1 
64 14 1 32 2 50 1 70 2 76 2 90 6 102 4 139 1 155 5 170 1 185 1 285 2 338 1 358 2 423 4 529 1 562 1 623 1 672 1 686 1 701 5 756 1 770 1 842 14 883 1 897 7 952 6 1136 1 1141 1 1168 5 1254 40 1321 1 1344 1 1351 1 1380 2 1436 7 1447 1 1469 1 1598 1 1603 6 1665 3 1668 2 1683 1 1824 3 1842 1 1884 1 1924 2 1996 35 2002 3 2003 36 2113 1 2148 1 2247 3 2346 5 2366 2 2372 1 2438 1 2440 2 2507 1 2533 3 2543 5 2667 11 2733 1 2771 3 
29 35 3 179 1 187 1 567 9 626 2 744 1 823 1 865 1 1000 5 1005 3 1031 1 1175 1 1192 1 1208 1 1216 1 1335 6 1431 4 1592 1 1725 2 1822 3 1919 6 2062 2 2250 19 2272 4 2420 2 2464 2 2563 8 2594 4 2647 1 
48 75 1 90 3 134 2 155 4 170 2 189 10 240 1 275 1 294 1 338 1 356 43 362 1 384 1 452 1 455 2 675 3 686 1 728 1 863 3 915 6 926 10 978 1 1141 66 1144 2 1173 1 1236 1 1242 2 1324 1 1371 64 1648 4 1683 1 1842 2 1877 1 1893 2 1927 6 1989 18 1991 1 1996 4 2003 29 2020 4 2087 1 2108 3 2171 1 2354 19 2366 2 2385 1 2433 84 2538 18 
13 261 1 434 6 692 1 871 2 915 1 1112 1 1175 2 1220 7 1576 4 1979 1 2117 35 2488 5 2671 2 
18 21 2 85 1 113 1 157 1 306 1 420 12 514 29 569 1 629 1 950 1 1048 1 1196 1 1795 13 1895 2 2091 23 2378 1 2485 6 2707 2 
27 53 16 96 1 191 2 443 5 444 4 545 28 865 1 946 2 1012 5 1085 1 1175 1 1286 2 1531 1 1545 1 1693 20 2001 2 2029 7 2082 10 2167 8 2302 3 2408 1 2411 6 2488 1 2607 2 2748 2 2777 2 2778 2 
9 440 13 474 3 688 1 910 6 964 6 1006 1 2001 1 2453 1 2669 2 
30 35 1 133 9 305 1 340 8 344 1 425 3 545 12 610 8 653 1 919 1 1048 1 1071 2 1083 1 1085 1 1171 2 1580 3 1666 1 1757 3 1886 1 2062 2 2120 1 2141 1 2182 22 2266 2 2358 1 2410 1 2487 1 2540 11 2606 1 2681 2 
37 40 4 180 12 340 4 471 1 726 6 939 1 1175 1 1180 2 1248 3 1284 1 1443 1 1475 4 1524 7 1527 1 1550 2 1572 1 1625 3 1647 3 1710 2 1848 1 1860 1 1875 1 1932 1 1944 2 2071 7 2115 2 2156 1 2172 1 2245 1 2317 7 2410 2 2498 1 2566 2 2573 5 2609 6 2717 3 2776 1 
29 84 2 194 2 368 8 457 1 505 3 861 1 914 1 956 2 1022 3 1062 2 1151 1 1183 3 1455 9 1471 1 1715 4 1808 1 1846 2 1856 1 1902 3 1909 4 1965 4 1976 8 2091 5 2153 2 2216 3 2327 3 2445 1 2485 6 2728 1 
34 150 9 193 1 359 1 425 4 765 1 931 4 1006 1 1023 1 1085 1 1175 2 1198 1 1314 1 1316 1 1389 1 1522 3 1780 2 1856 3 1902 1 2030 5 2091 18 2117 39 2264 1 2279 1 2295 1 2341 10 2426 1 2443 1 2528 2 2547 1 2549 3 2559 2 2609 6 2642 1 2708 13 
52 10 1 27 1 28 17 89 1 92 6 118 3 301 1 370 1 426 7 436 3 450 2 586 2 702 3 768 1 777 12 778 5 850 3 867 30 909 3 929 1 1172 3 1451 6 1549 9 1601 20 1709 3 1778 1 1859 5 1925 13 1937 17 1951 1 1953 2 1992 2 2024 1 2103 5 2118 1 2122 12 2170 1 2175 2 2291 4 2324 10 2383 1 2386 1 2389 3 2424 10 2432 2 2554 7 2570 5 2584 3 2643 16 2645 1 2736 8 2766 22 
34 24 3 321 3 363 1 481 3 498 1 645 6 867 21 904 5 909 1 929 17 944 8 1093 5 1184 1 1215 1 1241 2 1515 1 1517 7 1549 1 1607 7 1611 3 1697 1 1925 2 1956 1 1990 1 1997 5 2024 4 2057 2 2291 1 2389 12 2405 1 2447 8 2621 2 2643 1 2648 1 
28 28 6 37 2 60 4 95 1 130 10 435 1 777 12 867 3 929 15 944 2 1332 3 1602 12 1626 2 1712 7 1858 1 1868 1 1925 1 2089 1 2103 5 2122 7 2170 1 2175 1 2337 6 2389 9 2495 1 2646 1 2690 1 2723 2 
51 118 9 123 12 130 2 183 8 233 1 310 1 321 12 386 1 576 9 619 3 660 1 680 1 691 2 709 2 777 3 904 3 909 4 929 6 930 1 996 7 1013 2 1019 1 1058 2 1093 5 1104 3 1116 1 1138 1 1148 9 1304 1 1496 1 1543 1 1653 1 1672 6 1679 3 1697 10 1709 5 1773 4 1953 1 1977 1 1988 25 2024 3 2175 1 2285 5 2291 1 2405 1 2424 4 2432 1 2437 1 2439 1 2518 4 2643 21 
17 30 1 49 3 299 3 927 1 1269 1 1475 9 1644 14 1696 1 1704 3 1936 2 2013 44 2098 54 2265 5 2511 1 2530 1 2764 3 2772 1 
34 22 1 35 2 113 1 154 1 277 1 316 1 320 1 323 1 335 2 344 2 438 1 480 2 545 28 558 1 819 1 963 9 972 6 1102 1 1132 1 1175 4 1273 2 1388 5 1950 2 1968 1 1987 1 2001 1 2091 20 2130 2 2236 9 2592 1 2609 7 2678 1 2713 1 2725 1 
11 35 1 200 1 273 1 900 88 1061 1 1691 2 1821 1 1931 2 1960 15 2535 1 2777 1 
16 306 6 355 1 508 8 600 14 626 2 1052 2 1100 1 1167 4 1707 5 1966 3 2081 1 2091 3 2136 1 2139 1 2395 2 2527 5 
4 688 1 1102 1 2061 4 2669 3 
10 0 14 35 1 136 1 688 1 953 1 1340 12 1633 5 2669 1 2688 1 2725 1 
31 35 1 193 1 366 9 661 6 665 1 724 2 765 3 912 4 1175 3 1216 1 1289 1 1350 3 1501 2 1638 1 1751 4 1782 3 1822 2 2036 1 2082 11 2091 20 2173 5 2218 1 2364 2 2485 2 2496 2 2500 5 2559 4 2604 1 2658 2 2688 6 2743 1 
30 35 2 84 1 133 16 332 3 371 3 393 8 643 2 861 1 910 1 936 2 942 1 1198 1 1310 1 1350 1 1389 2 1593 1 1793 1 1819 2 1948 2 2079 1 2156 2 2250 21 2305 2 2369 13 2398 2 2410 1 2431 1 2541 3 2594 1 2754 5 
56 38 1 42 3 55 3 72 5 84 1 121 1 150 3 257 1 267 3 340 3 410 20 600 4 712 4 730 11 740 17 837 1 838 1 910 1 916 1 1035 1 1075 5 1091 2 1094 1 1112 2 1175 1 1376 6 1442 2 1457 1 1525 5 1571 3 1652 1 1693 5 1869 4 1890 1 2016 9 2049 1 2075 5 2095 32 2117 2 2164 10 2225 2 2250 18 2276 2 2338 2 2541 2 2560 2 2609 4 2631 1 2651 3 2658 2 2680 7 2694 1 2697 32 2717 1 2734 1 2764 8 
20 126 1 368 4 609 1 636 2 664 8 847 3 903 2 1147 2 1152 1 1175 2 1503 3 1741 3 1860 2 1909 1 1942 3 2091 11 2365 1 2485 3 2490 2 2591 12 
43 25 1 31 1 56 1 59 1 128 1 129 8 246 1 317 4 318 5 340 7 351 6 394 2 511 3 712 1 903 10 910 2 942 2 1106 1 1175 1 1234 1 1472 1 1631 1 1636 1 1656 1 1657 7 1693 3 1780 9 1852 1 1860 1 1886 1 2053 2 2076 1 2167 12 2178 2 2307 1 2352 1 2357 1 2410 1 2462 6 2485 7 2512 2 2605 1 2688 1 
32 31 1 78 11 133 23 329 4 340 6 545 10 579 3 684 1 754 1 784 2 939 1 946 2 1006 1 1068 1 1155 1 1175 3 1308 6 1438 17 1542 3 1610 6 1707 1 1735 1 1788 3 1836 4 1966 2 2000 10 2022 1 2203 1 2358 2 2485 3 2500 5 2743 1 
26 53 6 78 2 121 2 300 1 368 2 545 6 588 6 612 1 688 1 855 1 1061 1 1175 2 1335 3 1510 4 1898 1 1955 2 1984 8 2021 1 2082 74 2127 1 2317 7 2410 1 2411 5 2500 4 2609 8 2754 2 
22 84 3 419 1 434 1 485 1 692 3 718 1 817 5 840 1 887 2 1175 1 1282 1 1302 2 1521 1 1812 1 1959 7 2091 12 2102 1 2212 3 2318 2 2560 2 2610 2 2752 1 
45 35 3 42 8 103 2 141 4 351 2 368 1 410 11 512 24 525 2 596 1 613 4 703 1 740 16 742 6 789 1 910 1 1114 2 1137 1 1175 1 1205 2 1331 9 1483 1 1693 11 1831 1 1846 2 1851 4 1886 2 1918 1 1919 4 1931 1 1983 1 2068 1 2082 14 2265 10 2270 1 2271 1 2307 1 2399 12 2462 3 2504 1 2545 9 2559 4 2609 9 2637 1 2674 2 
30 113 2 129 5 135 1 377 1 467 6 506 4 507 1 514 1 610 3 656 1 667 31 803 1 839 1 946 5 1102 1 1139 1 1208 1 1390 1 1618 1 1647 4 1725 6 1790 1 2062 2 2265 9 2317 3 2358 2 2675 4 2679 1 2725 1 2727 1 
3 408 1 2635 1 2695 1 
25 471 1 488 21 824 4 906 2 1006 1 1022 2 1175 1 1481 1 1608 8 1645 2 1666 1 1707 4 1774 1 1871 1 2045 1 2091 40 2167 2 2249 4 2280 1 2305 2 2358 1 2411 6 2500 1 2610 17 2665 2 
6 530 203 930 10 1212 41 1361 900 1534 96 2437 2 
2 700 3 2061 3 
9 440 17 449 1 474 7 1006 4 1085 1 1196 1 2061 2 2320 280 2669 4 
49 46 5 53 10 154 5 191 2 269 10 474 1 508 1 554 1 712 3 730 2 807 1 910 1 934 12 947 1 1044 2 1114 1 1157 6 1158 1 1171 1 1175 1 1208 2 1275 1 1331 4 1442 2 1525 1 1550 1 1553 2 1647 4 1701 2 1750 4 1785 46 1869 3 2022 1 2067 2 2095 15 2117 38 2196 3 2229 1 2265 1 2351 2 2355 1 2357 4 2408 1 2419 2 2601 1 2609 8 2624 12 2714 1 2725 1 
7 425 21 545 1 865 4 1201 1 1567 7 1725 5 2609 1 
31 17 31 72 8 78 1 121 15 160 1 344 2 431 2 471 1 545 17 865 8 958 2 1006 1 1048 1 1064 1 1085 1 1157 3 1175 2 1203 5 1589 1 1707 4 1725 10 1772 1 1895 6 1986 1 2019 11 2269 3 2332 8 2464 1 2605 1 2610 3 2658 3 
50 18 4 103 1 165 2 243 1 296 2 305 2 340 6 387 1 429 1 554 1 596 1 688 1 870 3 887 1 892 7 910 1 918 4 947 1 1061 1 1122 1 1126 1 1157 4 1175 3 1218 6 1271 1 1325 4 1327 2 1528 2 1531 2 1582 1 1625 6 1655 2 1765 1 1860 6 1886 2 1919 6 1966 1 2067 3 2101 2 2121 3 2279 8 2311 1 2393 2 2485 1 2545 1 2590 1 2601 2 2610 2 2717 1 2754 3 
34 84 4 112 1 113 1 129 3 161 3 204 1 221 4 368 5 547 2 575 5 577 6 745 1 780 3 841 1 861 1 907 1 1048 3 1102 1 1123 2 1175 3 1319 1 1557 1 1856 1 2052 2 2062 2 2137 2 2161 1 2188 1 2264 6 2358 1 2412 1 2500 4 2609 4 2632 2 
25 191 2 195 1 227 1 353 1 419 1 871 12 936 1 1175 4 1331 18 1397 1 1475 7 1498 2 1608 1 1624 1 1725 1 1846 1 1899 2 1909 3 2066 2 2091 3 2274 2 2352 2 2435 1 2560 3 2708 14 
60 14 2 50 1 73 1 76 1 102 142 137 10 149 1 153 1 155 1 170 1 176 1 289 20 345 5 415 1 454 2 539 4 555 1 593 1 772 1 897 1 941 1 952 1 1060 11 1082 6 1168 2 1174 3 1182 3 1209 3 1214 1 1321 19 1324 1 1380 1 1436 6 1447 16 1500 1 1555 4 1603 1 1781 3 1824 4 1862 1 1867 1 1991 8 1996 13 2003 11 2015 1 2020 2 2113 1 2217 2 2232 1 2238 1 2368 1 2372 2 2440 2 2507 3 2543 10 2564 2 2667 11 2696 1 2733 1 2771 6 
13 20 6 163 14 1252 5 1450 1 1909 1 1979 3 2295 1 2352 1 2375 11 2414 19 2485 3 2708 10 2719 1 
36 35 2 84 1 457 1 458 1 545 25 640 1 946 1 997 1 1062 3 1126 2 1157 1 1175 1 1198 1 1231 1 1271 1 1331 1 1342 2 1412 1 1481 2 1506 2 1725 10 1761 4 1769 5 1891 1 2062 2 2120 1 2172 5 2186 3 2250 13 2288 1 2305 6 2311 2 2350 1 2467 2 2511 1 2593 1 
30 47 6 157 1 280 1 588 1 693 2 774 1 817 2 861 1 880 1 985 3 998 1 1006 1 1112 1 1175 2 1354 4 1373 2 1471 1 1547 11 1690 1 1888 3 1961 2 1966 5 1998 1 2076 1 2091 20 2143 24 2276 1 2358 1 2472 9 2488 2 
35 4 1 43 1 56 25 121 2 129 4 341 1 344 1 414 2 514 1 750 1 865 3 942 1 1085 1 1112 1 1252 1 1475 1 1528 3 1568 2 1590 6 1681 1 1717 1 1725 4 1751 1 1817 1 1840 1 1976 20 2030 5 2186 1 2192 8 2240 1 2284 8 2560 2 2727 1 2730 1 2755 1 
17 307 2 459 2 541 4 861 3 966 1 1251 1 1511 1 1726 1 1890 2 1966 5 1978 1 2126 1 2380 10 2382 1 2485 5 2531 1 2744 2 
13 35 6 440 1 449 1 474 5 688 1 910 2 964 1 1196 1 1377 3 1440 1 1710 1 2402 1 2669 1 
30 6 1 143 1 505 3 546 4 648 1 688 1 861 3 973 1 1175 2 1219 1 1255 1 1256 1 1317 1 1442 2 1475 10 1573 17 1677 6 1831 1 1851 7 1869 14 1899 1 1999 1 2091 23 2364 3 2475 1 2477 2 2485 3 2571 3 2576 1 2609 11 
46 55 1 141 1 227 1 344 3 349 1 368 1 429 1 437 6 564 6 630 1 690 3 751 1 816 6 844 1 910 2 1004 1 1016 4 1061 1 1175 2 1185 4 1331 7 1443 7 1619 1 1625 3 1632 2 1698 3 1727 4 1785 7 1860 3 1919 2 1931 1 1973 13 1974 7 2075 2 2082 5 2095 20 2145 1 2186 1 2311 1 2341 6 2351 6 2457 2 2514 2 2704 1 2714 1 2759 6 
42 84 3 150 4 152 1 239 5 340 3 374 3 425 2 547 10 548 3 570 1 775 2 780 7 859 1 902 24 910 1 1006 1 1040 3 1175 1 1178 7 1331 9 1475 13 1498 3 1646 1 1735 1 1785 50 1856 3 1881 1 1908 3 1976 14 2022 2 2091 4 2101 2 2234 2 2305 4 2390 2 2398 1 2520 1 2608 1 2609 7 2610 2 2658 2 2686 1 
27 277 2 305 1 368 2 407 3 603 19 631 5 896 7 918 3 1085 1 1175 4 1443 2 1590 6 1642 3 1647 3 1725 5 1830 2 1887 1 1948 3 1966 2 2091 30 2095 5 2182 18 2229 1 2310 3 2410 2 2500 5 2658 3 
42 7 4 28 2 118 6 123 3 183 4 670 1 691 1 777 5 909 2 929 20 996 6 1093 5 1146 1 1184 1 1304 5 1518 2 1534 2 1574 1 1594 7 1620 1 1679 1 1697 10 1773 4 1925 24 1994 1 1997 2 2024 6 2180 1 2198 3 2207 1 2289 2 2291 1 2389 2 2405 5 2424 1 2439 1 2584 1 2643 1 2646 2 2731 10 2751 12 2761 1 
54 27 6 28 6 255 1 473 2 481 1 574 3 576 1 702 1 709 9 786 6 801 1 820 3 832 1 909 1 929 3 990 1 1019 1 1138 3 1332 1 1372 6 1499 8 1543 1 1601 15 1611 3 1620 5 1626 2 1712 7 1829 8 1879 1 1925 8 1928 1 1977 1 1995 1 2024 4 2103 7 2122 12 2175 1 2185 1 2293 31 2324 15 2367 1 2383 1 2389 9 2424 2 2448 1 2455 1 2554 2 2584 2 2611 2 2621 1 2643 25 2650 7 2760 2 2766 24 
45 35 3 250 8 354 1 441 3 443 4 497 1 543 2 568 2 684 1 775 1 855 1 865 3 942 1 1000 1 1048 1 1055 1 1069 4 1085 1 1157 2 1175 4 1313 52 1471 1 1475 9 1618 2 1725 13 1899 5 1966 4 2012 1 2019 2 2040 2 2062 1 2082 54 2117 1 2139 1 2156 5 2310 1 2339 1 2426 1 2548 5 2558 1 2581 3 2609 2 2610 6 2693 1 2709 1 
39 65 1 386 12 389 3 403 3 709 7 736 1 777 12 836 2 867 5 879 1 909 4 929 9 944 3 996 1 1093 5 1187 3 1543 2 1607 1 1611 6 1679 1 1697 1 1816 6 1850 1 1925 1 1953 3 1958 2 1964 2 1992 10 2024 4 2056 4 2122 2 2131 1 2219 2 2389 5 2447 9 2518 6 2536 1 2643 29 2723 5 
16 30 1 129 1 299 1 469 2 1359 45 1461 2 1610 1 1621 1 1644 26 1704 4 2008 1 2013 24 2298 2 2477 30 2602 1 2681 2 
28 35 1 93 1 344 1 409 1 515 2 761 1 787 1 841 1 865 4 967 2 1085 1 1102 2 1280 2 1455 2 1463 1 1523 1 1542 2 1678 1 1917 6 1919 4 2082 12 2097 12 2193 5 2201 10 2211 2 2420 10 2500 3 2560 1 
36 68 1 165 2 167 3 211 1 292 1 327 1 329 8 352 6 509 11 532 1 640 2 693 1 903 11 921 2 1006 1 1061 2 1475 7 1511 1 1521 1 1590 2 1608 3 1945 1 1968 1 2030 3 2093 1 2132 1 2143 1 2319 1 2339 1 2347 1 2411 18 2487 2 2500 5 2609 9 2610 2 2679 1 
16 663 20 918 1 1175 1 1207 1 1475 53 1483 4 1491 1 1537 1 1645 1 1943 3 1976 32 2027 6 2173 2 2464 1 2675 1 2728 1 
15 3 5 136 1 440 5 474 2 666 13 686 5 688 6 938 5 1340 6 1471 2 1700 6 1945 1 2464 1 2470 14 2669 3 
23 35 1 84 1 256 4 340 2 368 2 573 1 777 12 1102 1 1218 6 1280 5 1317 7 1329 1 1725 9 1785 6 1819 2 1947 2 1948 1 2178 1 2310 1 2410 1 2485 5 2609 8 2610 3 
29 78 1 128 1 269 3 272 1 357 1 368 1 776 1 983 1 1162 1 1175 2 1246 1 1442 1 1625 2 1819 1 1874 1 1876 1 1886 1 1908 1 2001 2 2076 1 2082 8 2117 20 2339 1 2485 3 2503 1 2560 2 2609 17 2628 1 2712 1 
68 81 1 121 1 180 1 305 1 314 1 387 3 457 1 468 13 564 1 583 1 621 2 785 1 809 1 892 3 910 1 932 2 938 1 942 1 947 3 968 1 988 1 1053 3 1121 8 1175 3 1180 3 1200 5 1201 1 1218 1 1233 1 1258 1 1293 2 1442 2 1454 3 1580 4 1619 1 1625 1 1633 5 1678 1 1727 1 1780 3 1810 2 1860 2 1891 1 2062 2 2071 2 2082 10 2091 10 2095 1 2124 2 2176 1 2196 8 2208 1 2227 1 2268 4 2475 2 2488 5 2530 2 2545 3 2559 7 2560 5 2573 1 2581 4 2587 1 2609 1 2660 1 2702 3 2754 1 2778 4 
20 85 2 218 1 1175 3 1271 19 1331 13 1401 1 1467 1 1633 10 1898 1 1916 1 2062 1 2091 3 2264 1 2358 1 2608 4 2660 2 2675 1 2691 3 2726 5 2749 4 
38 35 1 157 1 208 4 488 10 567 4 613 1 653 1 753 1 787 5 865 9 870 1 923 3 995 2 1002 3 1044 1 1175 2 1181 1 1219 1 1240 1 1278 1 1309 1 1455 6 1471 1 1609 68 1725 5 1730 6 1860 1 1993 2 2038 2 2117 1 2174 1 2205 1 2230 8 2250 2 2279 5 2333 8 2358 1 2410 1 
50 35 2 40 2 103 1 177 8 340 7 412 1 462 1 467 4 468 4 515 3 568 1 583 2 599 4 625 1 690 3 712 3 754 3 862 1 865 1 896 1 910 1 912 1 924 7 945 1 1006 2 1091 1 1175 1 1331 15 1510 1 1524 3 1625 3 1860 3 1886 1 1897 1 1986 1 2124 1 2158 8 2236 1 2250 8 2262 1 2268 1 2279 2 2352 1 2361 1 2371 1 2462 6 2502 2 2609 4 2752 1 2779 1 
36 84 5 99 1 704 1 936 1 982 1 1006 1 1049 2 1061 1 1084 4 1112 2 1119 1 1249 1 1317 1 1331 15 1396 1 1531 4 1608 4 1609 16 1676 4 1908 2 1948 1 1959 11 1976 17 1987 1 2117 3 2129 3 2149 1 2250 2 2318 2 2358 1 2609 10 2670 1 2680 5 2707 2 2743 2 2752 3 
26 198 1 205 2 279 3 638 2 759 2 871 4 957 5 1137 2 1335 2 1382 1 1471 1 1510 3 1699 5 1717 1 1903 11 1909 2 2060 1 2076 1 2117 8 2201 1 2449 1 2453 2 2474 1 2488 3 2502 2 2528 2 
46 17 5 227 3 410 9 502 1 545 14 626 3 653 3 688 1 692 2 745 2 762 5 771 1 816 4 912 8 947 4 992 1 1000 1 1048 1 1061 1 1066 1 1102 1 1175 4 1189 1 1282 2 1412 1 1455 1 1551 1 1608 7 1651 1 1808 1 1822 3 2021 1 2062 1 2163 2 2167 8 2304 2 2305 2 2322 1 2390 1 2485 1 2540 18 2569 1 2581 3 2605 4 2689 2 2713 2 
40 81 1 300 6 306 5 368 1 434 6 449 1 467 10 525 1 554 1 833 1 847 2 910 1 936 2 1004 1 1040 5 1175 3 1442 1 1582 11 1597 2 1608 6 1628 2 1635 13 1796 3 1860 1 1886 1 1909 1 1919 2 2095 14 2117 2 2119 1 2164 2 2270 1 2325 2 2344 1 2352 2 2411 6 2462 15 2498 1 2542 1 2581 12 
24 104 2 122 1 184 14 425 4 1006 1 1112 1 1175 2 1208 1 1280 1 1408 1 1438 1 1475 5 1506 5 1981 1 2091 19 2167 1 2168 1 2183 1 2279 3 2339 1 2409 1 2609 31 2626 1 2689 1 
19 144 1 152 1 242 1 346 1 442 1 725 2 788 1 1041 1 1154 1 1166 2 1211 5 1223 1 1414 1 1422 5 1617 1 1775 1 2197 4 2633 1 2746 1 
4 298 132 1361 900 1534 56 2320 54 
9 136 1 257 1 440 36 474 1 688 1 910 2 964 1 1460 1 2669 7 
39 4 3 35 1 84 3 129 2 161 1 180 7 190 2 324 1 410 4 547 1 613 4 649 2 667 13 694 7 902 2 1044 4 1063 1 1085 1 1102 1 1175 3 1237 1 1286 5 1484 2 1540 1 1654 1 1760 1 1919 1 2062 2 2067 3 2091 17 2114 2 2117 4 2250 22 2275 2 2364 6 2390 1 2529 1 2725 1 2754 5 
43 26 1 84 1 106 1 113 3 148 1 173 3 287 1 352 1 424 1 507 2 545 25 546 5 754 1 776 1 968 1 1004 1 1006 1 1175 2 1306 4 1475 14 1522 1 1596 1 1608 9 1646 2 1657 35 1698 2 1725 4 1740 6 1811 4 1856 1 1909 1 1948 2 1966 6 1976 2 2030 4 2091 29 2297 1 2401 5 2500 4 2609 2 2665 12 2707 1 2743 4 
40 33 18 154 1 180 8 232 8 387 6 486 1 573 2 726 2 809 1 910 1 913 1 942 1 999 1 1175 3 1376 5 1475 1 1498 1 1588 1 1710 2 1717 1 1752 1 1860 4 1919 3 1945 1 2013 1 2062 1 2067 1 2095 20 2152 1 2229 1 2277 6 2279 5 2393 1 2411 4 2419 1 2485 3 2609 1 2718 4 2724 3 2754 5 
25 282 2 511 3 688 1 712 1 893 1 1034 1 1062 3 1175 2 1222 1 1331 20 1442 2 1542 3 1625 3 1916 2 1931 3 2030 1 2059 1 2091 11 2264 5 2444 1 2453 1 2464 1 2485 2 2573 2 2679 3 
25 78 4 172 7 420 10 425 9 488 7 767 1 895 1 947 1 1011 3 1175 1 1507 1 1819 1 1966 4 1968 1 1976 2 1982 14 2040 13 2304 1 2305 11 2307 1 2356 6 2358 2 2500 7 2680 10 2752 6 
51 88 2 91 2 100 4 115 1 280 1 351 2 368 4 410 1 451 2 545 39 657 4 739 1 882 3 888 3 910 1 918 1 942 1 1075 4 1175 3 1280 1 1293 1 1310 1 1316 1 1442 2 1484 6 1652 6 1664 2 1729 11 1780 1 1860 1 1875 2 1919 3 1922 20 1999 1 2007 3 2008 3 2095 2 2104 1 2164 8 2221 2 2307 1 2352 5 2392 2 2425 1 2462 2 2519 2 2541 1 2610 4 2670 1 2714 1 2754 3 
14 218 2 395 1 971 2 1028 11 1032 1 1252 1 1262 2 1311 2 1453 17 1576 2 2032 1 2244 8 2414 2 2701 2 
6 1147 1 1866 2 1892 8 2244 1 2414 30 2721 5 
4 488 11 2577 1 2694 1 2738 1 
29 35 1 495 2 509 10 545 5 630 7 783 7 824 2 946 4 1040 2 1062 1 1231 1 1316 3 1498 1 1593 1 1608 2 1647 3 1803 1 1856 1 1963 6 2117 22 2304 1 2315 2 2374 1 2427 1 2464 1 2500 6 2560 1 2631 1 2653 9 
18 127 1 180 7 589 1 710 1 780 1 816 3 861 1 973 7 1035 1 1438 10 1487 1 1551 2 1707 2 1966 4 2091 15 2290 12 2379 1 2398 1 
8 136 1 440 2 474 1 524 1 688 1 1196 1 1393 12 2669 2 
40 4 3 84 6 106 1 113 5 340 11 349 1 545 10 596 1 599 2 609 1 785 2 855 2 865 4 870 4 881 1 910 1 988 1 1006 1 1030 2 1085 1 1170 1 1175 2 1306 7 1331 7 1628 1 1694 1 1725 13 1860 3 1886 1 2053 2 2097 7 2101 1 2191 5 2201 1 2225 6 2274 1 2587 1 2609 1 2658 1 2660 4 
34 35 2 193 1 425 2 589 4 910 1 912 3 963 49 1002 5 1006 1 1062 1 1085 1 1157 2 1307 3 1423 1 1443 6 1582 16 1638 1 1693 6 1725 11 1763 1 1929 1 1948 2 2030 9 2059 3 2062 2 2272 4 2358 1 2426 1 2475 1 2540 10 2579 4 2713 1 2754 5 2777 3 
46 40 9 53 3 198 1 250 1 311 3 365 1 400 2 420 7 434 2 477 1 578 1 611 1 690 2 734 1 889 1 910 1 991 1 1006 1 1081 3 1084 2 1218 5 1390 1 1403 1 1483 4 1580 3 1635 7 1674 1 1746 2 1753 1 1846 4 1886 2 1976 10 2062 2 2095 24 2124 1 2215 1 2371 2 2393 3 2410 1 2411 15 2530 3 2582 1 2609 5 2658 2 2717 1 2725 1 
25 150 1 180 1 187 5 205 10 351 22 368 1 564 6 651 2 873 1 1062 1 1175 1 1442 6 1475 63 1526 2 1573 2 1952 1 2001 1 2055 8 2172 1 2279 5 2329 4 2431 2 2453 2 2485 5 2752 7 
49 7 1 13 1 123 8 130 6 164 5 321 2 343 1 560 1 660 1 670 1 777 3 822 1 909 5 929 4 996 2 1054 5 1104 1 1247 1 1365 2 1515 1 1543 1 1549 2 1587 2 1594 2 1679 1 1712 3 1770 4 1816 20 1925 1 1938 10 1946 2 1977 5 1988 2 2024 4 2042 2 2170 1 2198 1 2291 1 2313 6 2324 1 2367 3 2405 2 2501 3 2584 3 2643 13 2646 8 2648 1 2736 1 2766 10 
54 10 2 28 1 130 2 197 2 255 3 450 2 473 2 503 4 518 5 563 3 574 8 644 1 691 7 702 1 736 1 820 1 832 2 850 8 904 5 909 5 929 5 1115 1 1193 1 1247 1 1253 1 1712 15 1879 1 1956 3 1977 33 1988 1 1992 4 2024 2 2107 10 2122 3 2170 1 2175 4 2198 1 2291 3 2293 24 2324 1 2424 10 2495 1 2518 1 2536 2 2570 2 2574 2 2584 1 2600 2 2643 13 2645 1 2650 2 2692 1 2731 8 2766 2 
34 20 4 91 2 129 2 344 1 350 1 352 2 410 12 463 4 564 1 613 5 665 2 1062 1 1063 3 1085 1 1157 1 1197 3 1248 1 1335 8 1654 1 1725 13 1761 7 1931 1 2062 1 2092 2 2117 10 2174 1 2288 1 2305 3 2314 1 2317 6 2339 1 2522 1 2609 4 2610 15 
27 84 1 113 2 175 1 360 3 420 4 463 1 767 2 783 2 895 3 1067 1 1078 1 1117 2 1175 2 1437 1 1485 2 1521 1 1614 1 1645 1 1693 3 1762 1 1966 5 2174 3 2270 4 2339 1 2457 2 2523 1 2610 10 
9 49 16 52 2 488 1 877 3 1705 1 2265 1 2477 3 2508 5 2517 1 
29 84 1 113 3 182 1 306 1 332 5 537 1 564 12 600 9 616 1 653 1 771 1 936 2 1006 1 1167 1 1443 2 1475 37 1487 1 1509 2 1536 2 1812 3 1917 1 1966 5 1975 4 2120 1 2307 1 2364 14 2453 1 2541 7 2610 9 
36 84 1 115 6 129 2 425 3 545 8 648 1 683 7 865 10 1085 1 1102 1 1157 4 1270 1 1290 1 1531 2 1590 3 1651 1 1659 3 1725 1 1731 1 1763 2 1787 4 1914 1 2022 2 2039 1 2062 2 2067 3 2117 40 2264 9 2272 1 2339 1 2444 1 2500 4 2560 1 2725 2 2748 2 2752 7 
19 487 16 546 1 862 1 1005 1 1007 8 1175 2 1252 2 1305 1 1478 6 1652 7 1774 1 1833 1 2221 2 2328 5 2464 1 2488 3 2532 1 2609 1 2620 1 
12 474 1 688 1 1107 116 1196 1 1340 12 1533 24 1577 20 1625 5 1700 13 2231 184 2309 37 2669 1 
23 35 1 103 2 106 4 561 4 785 1 1293 3 1370 1 1528 15 1693 3 1725 11 2250 10 2279 1 2305 17 2315 1 2339 1 2418 1 2428 6 2472 5 2577 13 2581 2 2649 1 2658 1 2694 6 
36 40 1 78 11 177 5 261 2 488 6 547 2 558 1 626 1 723 1 763 1 893 1 910 1 1004 1 1006 1 1050 1 1167 1 1175 3 1271 2 1389 4 1442 3 1475 11 1646 1 1657 10 1772 1 1820 2 1855 1 1860 1 1886 1 1999 3 2082 10 2278 3 2357 1 2393 1 2540 6 2577 20 2675 2 
34 69 1 84 6 180 14 351 8 511 2 692 4 708 1 757 1 776 2 785 1 821 1 1061 1 1086 16 1087 1 1290 2 1442 1 1511 1 1652 32 1728 7 1860 1 1926 1 2033 1 2082 41 2091 33 2139 4 2192 3 2204 1 2225 14 2267 1 2329 6 2352 1 2485 6 2610 12 2738 2 
28 84 1 462 1 843 2 870 2 1034 14 1175 2 1364 3 1475 23 1564 1 1593 3 1690 1 1800 2 1955 1 1966 2 2062 2 2091 29 2117 6 2163 2 2203 2 2212 8 2224 2 2267 1 2358 1 2467 3 2608 3 2660 5 2738 5 2743 2 
34 22 1 35 1 53 1 78 1 410 12 467 19 515 2 582 1 640 1 653 1 688 1 692 3 826 3 870 4 1085 1 1331 1 1540 8 1569 1 1580 17 1610 1 1678 1 1725 3 1959 4 1999 2 2045 1 2091 20 2240 2 2271 1 2310 3 2315 3 2590 1 2655 2 2664 2 2681 2 
41 36 5 40 3 46 4 68 2 165 7 257 1 305 1 377 1 387 5 740 7 809 2 910 1 955 2 1010 3 1094 2 1175 4 1210 1 1218 4 1310 1 1423 1 1457 1 1625 1 1631 1 1635 30 1809 2 1860 1 1886 1 1890 2 1919 5 1986 1 2082 17 2095 7 2121 1 2124 1 2352 1 2392 1 2410 1 2485 2 2609 8 2680 3 2776 1 
36 54 6 150 3 151 1 160 1 165 2 270 1 390 1 434 1 759 2 829 7 922 3 1061 1 1084 10 1130 1 1175 2 1218 1 1335 6 1368 1 1473 1 1475 5 1483 3 1819 1 1860 2 1903 15 1909 6 1917 2 1985 1 2082 4 2091 3 2173 2 2461 4 2485 1 2494 1 2502 1 2632 3 2679 1 
29 121 13 402 1 601 1 626 1 735 1 861 1 865 3 885 13 1006 1 1061 1 1085 1 1175 4 1358 1 1387 2 1541 3 1609 75 1659 2 1753 1 1784 4 2037 4 2082 6 2130 1 2228 2 2350 1 2500 7 2550 31 2743 2 2744 1 2752 2 
38 40 5 160 6 265 2 291 1 300 1 317 49 375 1 545 12 547 11 590 3 595 1 815 1 910 1 986 1 1175 2 1256 2 1291 1 1384 1 1472 4 1510 12 1524 16 1608 5 1635 8 1725 8 1768 1 1808 1 1886 1 1909 3 1919 3 2124 2 2223 1 2351 2 2411 2 2417 1 2460 28 2488 1 2714 2 2754 1 
24 144 1 152 1 235 2 268 1 346 3 427 1 496 19 580 1 654 1 662 12 725 5 1107 1 1113 10 1166 1 1211 6 1223 1 1279 2 1414 3 1664 2 1727 1 2084 1 2107 1 2166 1 2746 2 
22 171 1 239 3 531 1 559 1 693 1 714 1 844 4 936 1 1022 1 1053 1 1062 2 1341 2 1471 1 1539 1 1715 1 1856 1 1966 6 2053 3 2139 1 2224 3 2358 1 2499 1 
11 472 1 720 1 876 2 1095 4 1532 1 1570 1 2388 1 2391 1 2506 1 2572 1 2687 2 
8 3 6 466 264 530 622 1533 36 1534 216 1577 216 1700 11 2539 36 
10 440 29 474 1 483 1 688 1 964 1 1062 1 1377 1 1945 1 2292 36 2669 1 
43 21 2 35 4 91 1 165 1 188 2 212 1 247 3 377 1 459 1 520 5 545 11 590 22 603 9 692 2 826 1 861 1 1002 10 1051 1 1062 3 1102 1 1181 9 1268 2 1374 2 1390 2 1475 13 1710 2 1886 1 2067 3 2117 9 2119 1 2164 6 2250 2 2310 3 2315 2 2350 1 2357 1 2406 2 2410 2 2500 5 2605 2 2655 1 2672 1 2754 2 
36 41 4 119 1 375 1 387 6 400 3 428 2 512 6 545 3 708 1 741 1 887 1 913 1 942 1 1175 2 1232 2 1384 2 1584 1 1585 1 1621 1 1685 1 1732 3 1860 1 1897 2 2008 3 2016 1 2030 2 2062 1 2106 6 2117 30 2349 1 2358 1 2393 6 2398 1 2411 4 2560 1 2605 1 
40 84 1 111 2 150 4 162 4 352 2 381 1 444 9 484 2 509 3 559 2 775 3 910 2 1006 1 1061 2 1085 1 1096 1 1131 1 1149 1 1175 4 1194 1 1293 2 1295 4 1297 1 1302 2 1316 1 1536 1 1610 5 1646 1 1825 2 1966 1 2076 1 2334 2 2352 7 2358 1 2398 1 2464 1 2553 1 2608 3 2609 4 2610 9 
23 143 2 212 1 293 1 572 2 655 1 934 5 1175 2 1218 1 1389 2 1456 1 1483 1 1633 18 1643 1 1659 1 1725 4 1798 1 1819 1 2204 1 2279 5 2464 2 2485 9 2686 1 2777 2 
25 6 1 20 1 160 2 161 2 293 11 360 1 390 1 543 2 669 2 759 6 1006 2 1165 1 1175 2 1563 4 1625 3 1727 2 1788 4 1909 9 1979 6 2094 1 2115 1 2242 1 2352 6 2485 9 2502 2 
40 35 2 274 8 410 3 420 5 432 1 443 5 449 1 457 1 590 15 636 2 679 3 817 39 910 1 1006 1 1044 2 1068 2 1075 5 1157 10 1175 3 1237 2 1335 1 1416 1 1495 1 1531 8 1625 1 1635 16 1750 8 1780 1 1833 3 1845 4 1860 3 2249 3 2268 1 2307 1 2352 6 2462 24 2475 2 2560 5 2623 4 2754 2 
13 395 3 678 1 971 4 1028 8 1262 3 1406 1 1428 1 1892 7 2017 1 2244 5 2404 1 2414 36 2721 2 
9 678 1 1028 2 1032 1 1147 1 1428 10 1866 4 2404 3 2414 4 2441 3 
13 62 2 264 2 332 1 469 34 540 1 835 2 892 1 1652 10 1758 6 2117 1 2694 1 2729 2 2757 1 
19 16 2 184 18 262 1 477 1 489 1 640 1 1110 1 1117 1 1118 10 1658 1 1693 1 1720 1 1908 2 1966 5 2091 19 2205 2 2378 1 2563 1 2609 22 
22 300 1 509 6 515 3 1040 7 1197 4 1273 2 1405 1 1539 1 1725 10 1776 1 1827 1 1896 1 2222 2 2229 1 2341 3 2375 2 2464 2 2484 1 2500 2 2560 1 2580 1 2735 1 
1 2061 1 
13 136 1 440 2 474 3 688 1 910 2 942 1 964 1 1085 1 1377 1 1393 3 1968 1 2669 1 2725 1 
37 19 1 84 2 150 10 184 3 193 1 485 2 568 5 780 1 828 1 861 1 865 8 931 2 939 1 1006 1 1175 2 1352 2 1382 1 1522 4 1596 1 1699 2 1822 3 1860 1 1886 2 1888 1 1966 2 1976 6 2039 1 2126 1 2177 1 2186 1 2250 3 2358 1 2485 4 2654 3 2658 3 2767 1 2776 3 
25 113 1 545 29 596 1 865 2 981 2 1072 2 1085 1 1102 1 1246 2 1338 1 1640 2 1750 6 1817 1 1962 2 1993 2 2062 1 2095 16 2229 2 2250 5 2358 1 2410 1 2548 2 2581 8 2724 3 2754 4 
21 143 1 150 1 327 1 368 1 564 2 688 1 903 1 918 3 936 3 1040 10 1062 3 1229 13 1259 1 1331 9 1966 6 2001 1 2221 1 2464 2 2560 3 2666 1 2738 6 
46 340 5 712 3 718 3 726 1 727 1 855 2 945 1 957 1 981 2 1003 2 1098 1 1118 3 1157 10 1175 2 1210 1 1280 2 1317 1 1325 2 1331 8 1384 2 1478 15 1510 1 1525 3 1531 7 1612 3 1664 4 1710 2 1763 1 1776 1 1810 1 1919 5 1959 2 1985 4 2008 1 2067 3 2071 4 2125 2 2236 3 2283 1 2311 4 2530 1 2598 1 2609 43 2688 2 2740 2 2776 2 
40 106 1 150 6 351 3 487 1 515 1 525 1 657 2 677 4 918 3 942 1 951 7 972 7 982 1 1000 4 1098 1 1175 2 1245 1 1335 5 1343 2 1441 1 1455 3 1472 3 1558 1 1625 6 1642 1 1699 2 1890 1 1973 6 2010 1 2062 1 2277 3 2279 1 2457 2 2477 12 2485 4 2560 2 2609 2 2616 1 2714 1 2745 2 
26 113 4 192 1 243 3 328 1 714 1 783 3 861 1 963 25 1006 1 1145 1 1156 1 1175 4 1519 1 1707 2 1737 1 1757 3 1769 1 1917 1 1961 3 1966 2 1976 23 1986 2 2174 1 2307 1 2485 2 2665 7 
57 130 5 164 6 183 2 199 2 321 25 363 3 386 7 473 2 530 3 574 2 709 1 713 9 777 9 811 1 832 2 904 2 909 1 929 8 930 10 996 9 1013 2 1093 5 1274 3 1304 11 1365 1 1451 1 1534 1 1543 5 1687 1 1712 2 1723 16 1743 1 1773 4 1786 3 1925 39 1956 1 1990 1 2024 3 2107 4 2147 1 2175 6 2184 1 2213 5 2285 3 2291 1 2324 1 2389 1 2405 3 2495 1 2554 2 2584 1 2643 7 2646 2 2676 1 2760 1 2765 1 2766 12 
33 228 4 431 1 467 6 573 1 688 1 816 8 920 6 1085 1 1102 2 1282 3 1331 6 1618 1 1645 2 1725 9 1763 1 1819 1 1919 5 1941 2 1978 1 2062 2 2067 5 2117 13 2130 1 2172 1 2203 1 2307 1 2410 2 2464 1 2560 5 2577 13 2581 4 2609 1 2680 1 
17 49 10 107 12 140 1 676 1 892 1 927 15 993 1 1276 11 1461 1 1704 19 2005 2 2013 22 2034 1 2098 31 2284 5 2477 1 2651 37 
30 5 10 35 1 53 1 188 2 400 1 421 1 467 1 487 10 561 2 659 4 688 1 946 3 1062 1 1102 1 1137 1 1157 10 1235 4 1280 2 1389 1 1725 10 1819 1 2062 2 2265 4 2290 1 2358 1 2426 2 2464 1 2605 5 2679 3 2782 1 
23 66 1 136 1 509 5 612 1 649 16 855 1 1072 1 1117 1 1167 6 1272 1 1280 2 1306 1 1464 4 1616 5 1659 3 1772 1 1854 1 2072 1 2076 1 2406 2 2602 6 2609 8 2707 2 
33 88 1 180 1 274 1 374 2 383 1 470 3 595 6 754 1 843 11 854 1 912 1 918 1 1007 2 1061 2 1111 1 1369 3 1395 1 1475 12 1537 1 1819 1 1856 1 1960 14 1968 1 2117 24 2279 5 2307 1 2421 1 2464 1 2505 1 2541 1 2591 8 2601 2 2665 1 
38 198 1 225 2 319 1 368 1 551 6 723 4 759 2 886 1 890 1 910 1 1006 1 1175 1 1343 5 1398 2 1556 2 1618 1 1625 4 1646 1 1662 15 1701 2 1780 11 1785 10 1860 1 1886 1 1923 2 2075 9 2095 6 2178 6 2290 6 2311 1 2340 2 2357 1 2411 3 2428 8 2462 5 2514 1 2651 7 2714 3 
23 3 1 35 3 268 10 440 1 474 1 627 16 662 4 688 1 853 7 931 3 953 1 1107 135 1113 3 1577 27 1700 12 1968 1 2028 7 2194 12 2358 2 2398 1 2470 1 2567 9 2669 1 
36 17 60 35 2 488 15 525 1 544 1 554 2 690 2 735 1 1102 1 1117 1 1171 2 1176 1 1308 3 1339 2 1386 6 1425 4 1507 1 2067 4 2117 6 2124 1 2273 1 2288 3 2305 5 2339 1 2358 1 2410 1 2552 1 2560 1 2609 4 2614 1 2658 1 2691 1 2708 4 2713 4 2724 2 2754 5 
33 35 1 71 1 225 1 232 19 352 1 368 1 488 19 545 17 569 1 626 1 730 1 766 9 775 5 865 3 874 1 940 3 1071 21 1126 4 1175 1 1331 9 1438 3 1618 8 1642 1 1646 1 2055 1 2075 5 2500 7 2516 1 2609 2 2658 1 2665 1 2685 1 2691 2 
51 120 3 319 4 474 1 545 52 573 1 596 1 621 2 648 1 685 2 694 3 731 3 910 1 913 1 1006 2 1067 1 1175 1 1210 2 1229 1 1343 2 1483 1 1488 2 1631 2 1656 17 1657 14 1662 3 1674 1 1828 2 1860 2 1929 1 1982 1 2001 3 2034 2 2071 9 2095 7 2121 1 2174 3 2192 1 2201 2 2277 1 2278 2 2334 3 2357 2 2420 1 2462 6 2530 1 2545 5 2566 4 2591 12 2606 2 2609 4 2714 1 
25 150 4 177 1 425 1 523 2 614 1 688 1 692 4 1178 18 1246 2 1430 2 1442 1 1455 4 1725 1 1754 1 1765 13 1909 1 1944 3 2001 2 2076 1 2221 5 2279 5 2340 14 2615 1 2677 6 2681 25 
29 35 3 84 1 91 4 175 1 319 1 425 4 441 1 509 12 545 11 550 2 603 3 722 1 870 6 942 1 1085 1 1102 1 1180 1 1540 7 1710 3 2249 1 2265 2 2305 4 2330 1 2396 2 2577 18 2591 7 2606 3 2609 6 2754 4 
37 38 3 40 2 44 5 150 3 315 2 410 8 487 1 545 50 625 1 681 2 688 1 723 3 838 1 910 1 962 2 1123 2 1175 3 1210 1 1472 2 1585 3 1664 1 1710 4 1796 9 1860 1 1886 1 1931 1 2009 1 2058 2 2067 1 2262 3 2288 2 2341 9 2375 4 2410 1 2411 13 2601 2 2697 9 
28 38 1 287 2 303 1 352 2 545 48 606 1 932 1 1006 1 1022 1 1175 2 1475 12 1481 2 1657 1 1719 2 1766 1 1918 2 1923 3 1949 1 2036 1 2151 1 2280 2 2332 1 2335 4 2358 1 2569 2 2609 7 2658 1 2775 2 
24 84 1 128 1 187 1 405 1 433 4 494 10 538 6 738 1 854 1 903 2 1175 4 1200 7 1218 1 1455 3 1600 1 1819 5 2070 4 2076 1 2178 2 2299 1 2537 50 2573 2 2576 2 2603 1 
33 29 2 98 9 144 1 152 1 201 1 235 2 242 3 268 1 309 1 346 2 654 1 664 1 725 2 933 5 1041 1 1107 1 1154 2 1211 1 1223 2 1267 16 1353 2 1414 1 1422 1 1566 1 1599 1 1617 1 1727 1 1775 1 1792 1 2084 1 2231 2 2556 2 2746 2 
44 33 7 38 1 84 1 150 8 172 4 178 3 248 3 368 2 391 1 449 1 460 2 566 1 693 1 759 4 802 3 873 15 882 2 910 1 942 1 1114 1 1175 2 1261 1 1404 1 1489 2 1643 2 1729 13 1767 1 1823 2 1847 1 1857 1 1860 3 1897 3 1919 3 1935 1 1943 4 2008 1 2019 1 2062 1 2095 5 2277 5 2279 2 2485 7 2655 1 2753 1 
15 144 1 152 1 235 2 309 1 346 1 378 1 496 13 755 3 1077 1 1154 1 1166 6 1279 1 1353 2 1379 1 1905 1 
10 464 1 472 1 720 1 876 1 1298 4 2220 4 2391 1 2572 1 2687 1 2695 1 
2 1533 32 1577 20 
28 35 2 254 2 272 1 333 2 352 2 448 1 536 1 542 16 658 2 794 1 902 4 946 1 976 12 1039 3 1061 1 1285 1 1398 2 1448 1 1595 1 1693 17 1813 1 1819 2 2019 4 2130 1 2358 1 2485 2 2560 3 2591 4 
6 136 1 449 1 688 3 964 1 1006 1 2669 1 
51 1 3 154 1 232 4 312 1 340 4 374 1 387 2 434 4 512 1 515 5 545 16 600 8 603 1 716 1 730 2 829 5 847 2 870 8 910 1 970 2 1006 1 1094 1 1155 1 1175 3 1210 1 1323 5 1481 4 1519 1 1590 2 1657 6 1750 1 1922 8 1966 1 1968 1 2011 7 2095 4 2164 2 2229 4 2357 2 2411 2 2415 1 2449 1 2485 3 2530 1 2560 2 2568 5 2573 4 2587 1 2589 5 2605 5 2754 1 
32 4 4 193 2 239 6 425 2 463 4 545 25 648 2 674 1 773 1 861 1 955 2 1004 1 1006 1 1038 5 1071 8 1175 1 1244 1 1475 9 1708 1 1733 1 1740 12 1754 1 1935 1 2091 2 2181 14 2279 2 2464 1 2609 1 2628 1 2631 3 2642 1 2658 1 
22 6 1 187 3 212 2 459 8 546 2 659 5 847 2 871 9 1248 1 1455 7 1798 1 1899 8 1966 2 2044 9 2082 8 2328 3 2339 1 2409 1 2464 1 2485 3 2661 2 2752 1 
39 53 10 181 1 247 4 331 5 493 14 545 21 620 3 692 6 920 1 1061 1 1102 1 1280 1 1313 10 1335 2 1386 16 1441 1 1485 3 1511 2 1901 3 1908 3 1932 5 1966 5 2067 1 2091 5 2192 1 2205 1 2265 20 2308 1 2314 2 2339 1 2358 1 2401 1 2410 1 2489 16 2540 1 2577 4 2601 2 2605 5 2754 3 
30 35 2 91 4 493 1 688 1 774 3 865 1 946 4 963 21 1062 2 1080 1 1085 1 1157 5 1175 1 1180 2 1197 7 1360 1 1397 2 1540 6 1688 10 2026 1 2169 3 2229 2 2288 2 2305 1 2360 6 2410 1 2500 5 2577 12 2654 1 2725 1 
38 65 1 118 2 123 11 186 2 197 1 386 24 576 13 617 1 698 1 786 1 879 1 929 15 1138 2 1148 1 1304 2 1361 1 1620 5 1626 2 1653 1 1686 1 1826 1 1829 1 1883 5 1925 9 1977 1 2024 3 2042 18 2207 1 2210 7 2213 7 2291 1 2324 1 2389 10 2424 1 2432 2 2448 4 2493 1 2750 1 
7 678 1 1028 7 1406 2 1866 6 2244 4 2414 18 2721 2 
9 678 1 971 1 1028 11 1406 2 2404 1 2414 28 2441 38 2459 10 2585 1 
12 107 8 404 2 1099 1 1169 1 1359 11 1559 1 1807 1 2195 1 2316 3 2477 4 2483 1 2772 3 
27 4 1 410 2 467 6 780 1 920 1 936 1 988 6 1049 1 1062 1 1085 1 1181 3 1285 1 1525 4 1528 3 1552 8 1706 3 1734 2 1908 1 1978 4 2079 1 2117 11 2182 12 2201 11 2222 1 2500 4 2548 2 2655 1 
13 16 1 743 4 751 1 759 6 779 1 1502 4 1514 1 1645 5 1652 5 2064 1 2076 1 2279 3 2429 2 
26 431 3 475 1 513 2 569 2 625 2 722 1 758 1 784 1 827 2 1048 3 1306 3 1388 8 1435 1 1506 5 1540 7 1698 4 1795 7 1819 1 2022 1 2201 10 2212 2 2214 1 2339 1 2487 1 2609 58 2752 2 
9 193 1 440 3 474 1 688 3 722 1 964 1 1393 3 2121 4 2669 16 
42 35 2 129 2 150 1 193 1 209 1 228 6 278 15 291 1 344 2 467 1 524 1 545 73 581 1 740 12 861 1 910 1 963 13 1040 1 1044 3 1085 1 1227 2 1233 2 1433 1 1520 1 1833 3 1908 2 1948 7 2062 1 2082 7 2121 1 2164 1 2236 3 2353 1 2410 2 2423 1 2500 1 2511 1 2549 1 2560 1 2605 2 2679 3 2708 4 
29 84 1 113 8 425 1 534 1 609 1 653 3 661 1 738 1 865 12 936 2 1006 1 1027 1 1218 3 1226 2 1286 3 1306 2 1590 2 1642 1 1822 1 1860 3 1923 1 2051 2 2082 4 2227 1 2490 2 2500 5 2658 4 2660 3 2743 1 
23 84 1 193 1 519 1 648 1 692 2 1218 4 1222 1 1390 1 1442 4 1656 9 1659 3 1753 1 1838 2 1856 1 1966 3 2204 2 2281 5 2373 1 2457 1 2464 3 2475 3 2485 2 2673 1 
37 93 2 259 1 318 1 410 10 420 1 587 1 712 4 717 14 841 4 875 1 1086 6 1161 2 1175 2 1475 4 1522 1 1579 1 1608 10 1632 2 1710 2 1732 2 1785 22 1860 3 2016 4 2051 1 2077 1 2306 1 2338 2 2352 1 2393 1 2463 1 2485 1 2530 2 2541 8 2609 6 2614 3 2717 4 2773 1 
57 22 2 35 3 157 1 216 1 318 5 340 2 410 6 485 1 515 1 545 7 596 1 723 7 747 1 787 1 844 5 865 16 910 1 972 7 1087 1 1111 1 1175 1 1331 30 1335 3 1343 4 1415 1 1435 1 1472 1 1573 6 1685 5 1729 5 1764 1 1767 1 1822 2 1886 1 1917 4 1919 4 1976 22 2008 2 2071 3 2095 12 2101 1 2117 8 2125 1 2152 1 2212 1 2279 2 2341 15 2352 2 2357 1 2358 1 2360 5 2411 1 2428 9 2485 1 2609 44 2610 2 2714 1 
25 78 1 129 4 205 4 399 2 597 1 841 2 1026 5 1085 1 1102 2 1163 1 1238 2 1287 1 1378 1 1452 1 1725 7 1735 1 1935 1 2062 1 2157 1 2167 12 2310 2 2344 2 2410 1 2456 1 2770 1 
37 84 1 150 6 193 2 425 5 600 6 631 3 667 9 747 7 834 1 1006 1 1040 1 1112 2 1175 1 1238 1 1331 6 1385 1 1575 1 1652 13 1707 1 1769 3 1795 5 1934 2 1961 1 1966 1 2047 1 2079 2 2091 20 2358 1 2401 1 2403 1 2475 1 2521 1 2551 1 2658 4 2716 1 2752 2 2777 3 
37 89 1 118 1 183 3 386 12 586 5 691 4 777 4 832 3 909 4 929 2 996 4 1274 4 1601 3 1816 4 1925 11 1958 1 1988 14 1997 5 2024 1 2056 7 2170 1 2210 1 2263 1 2282 1 2324 5 2389 3 2405 2 2424 19 2518 20 2554 2 2584 3 2588 2 2731 1 2732 1 2760 5 2765 13 2766 17 
15 110 1 332 2 467 44 488 7 748 1 765 15 835 2 1269 1 1696 1 2239 2 2265 11 2298 1 2462 1 2477 1 2741 2 
29 35 2 53 1 94 3 131 8 319 1 712 1 804 1 865 10 958 3 1085 1 1142 5 1175 5 1245 1 1308 5 1350 4 1443 3 1444 2 1612 2 1822 5 1919 3 1931 1 2019 5 2030 7 2091 71 2250 4 2427 1 2525 2 2609 4 2631 1 
46 35 2 100 3 165 7 229 1 250 3 387 1 391 4 468 11 613 2 625 1 688 1 712 6 718 12 785 1 1117 1 1157 9 1175 2 1180 1 1258 2 1457 2 1633 1 1649 1 1799 1 1860 1 1869 2 1948 7 1993 1 2071 6 2095 7 2117 5 2167 2 2176 1 2245 1 2279 4 2307 1 2352 1 2360 8 2462 2 2485 2 2498 1 2547 3 2560 2 2610 1 2656 4 2714 1 2768 1 
18 109 1 168 1 1006 2 1035 1 1043 2 1128 1 1175 1 1597 2 1744 1 1757 1 1968 1 2027 1 2091 29 2094 1 2251 1 2358 1 2409 1 2610 10 
16 663 9 732 1 829 3 970 1 1024 26 1175 1 1271 1 1475 60 1531 1 1707 4 1882 1 2485 1 2636 1 2699 1 2752 7 2777 1 
12 3 7 268 1 440 19 474 3 688 3 964 2 1000 2 1175 2 1267 16 1335 4 2194 12 2669 1 
28 4 1 35 2 133 18 344 2 441 1 467 5 942 1 1007 2 1102 1 1386 6 1484 8 1582 2 1641 1 1833 6 1999 1 2040 1 2051 1 2062 1 2161 7 2229 2 2350 1 2358 1 2602 2 2610 2 2666 1 2686 1 2691 4 2718 1 
39 53 12 162 8 262 1 273 2 340 7 352 1 372 1 470 1 545 11 567 2 642 3 767 1 846 2 872 1 936 1 959 1 1029 10 1071 1 1121 2 1175 2 1308 1 1367 1 1427 1 1471 1 1492 2 1522 2 1613 1 1633 2 1725 10 1878 7 1966 1 2008 1 2036 1 2250 7 2485 11 2500 5 2579 1 2658 1 2708 9 
40 56 10 141 2 193 1 223 1 410 12 548 1 595 6 740 7 830 1 855 1 887 1 932 1 1006 1 1035 1 1175 4 1200 2 1381 10 1438 2 1442 2 1524 10 1609 12 1657 4 1693 9 1776 2 1886 1 1920 1 1948 2 1959 5 2034 1 2039 2 2095 16 2105 1 2306 20 2408 1 2502 2 2516 5 2581 1 2614 3 2662 1 2705 3 
28 293 8 430 1 673 1 873 1 1175 3 1430 1 1442 1 1498 1 1612 9 1643 6 1690 2 1832 1 1869 6 2001 3 2059 2 2077 41 2082 2 2117 1 2204 1 2329 11 2362 1 2457 1 2485 2 2488 3 2563 2 2589 1 2609 1 2677 9 
39 11 1 192 1 218 2 260 3 340 4 353 2 600 19 784 2 855 1 868 1 1002 2 1006 2 1047 3 1175 2 1323 8 1362 1 1471 1 1608 5 1651 1 1657 16 1659 1 1678 1 1707 2 1814 1 1845 12 1899 4 1917 4 2018 1 2041 2 2139 2 2305 3 2335 2 2358 2 2500 2 2550 4 2557 1 2559 3 2604 1 2609 28 
23 35 4 84 1 150 17 180 4 495 1 509 4 630 2 754 2 1000 2 1219 1 1306 1 1431 3 1453 8 1616 1 1725 10 1819 2 1948 3 2081 1 2091 17 2464 1 2490 2 2560 2 2591 1 
52 38 1 311 3 331 7 397 1 410 2 420 5 460 1 557 1 582 1 596 1 600 10 658 1 784 1 795 7 849 1 865 3 910 1 943 1 980 2 1073 1 1094 3 1175 1 1210 1 1424 1 1557 11 1583 4 1597 9 1608 8 1685 4 1860 3 1886 1 2008 5 2011 1 2013 1 2019 1 2095 6 2097 3 2099 3 2101 1 2221 1 2277 5 2352 2 2357 2 2410 1 2418 2 2446 1 2540 18 2552 1 2609 28 2658 2 2711 2 2714 1 
27 84 10 342 1 569 1 861 1 1085 1 1102 1 1112 1 1157 10 1167 1 1316 2 1475 5 1608 6 1769 6 1813 1 1831 2 1838 1 1919 1 2062 2 2080 1 2082 10 2253 1 2257 12 2485 2 2549 1 2609 43 2693 2 2754 4 
48 9 1 15 1 64 1 77 2 87 1 102 1 117 1 155 1 159 1 170 2 245 2 275 10 283 1 285 1 289 35 338 1 358 5 593 1 602 5 605 1 686 1 701 8 856 6 863 1 869 6 883 1 1008 1 1036 6 1060 4 1079 1 1346 2 1494 4 1500 1 1580 1 1721 6 1779 2 1781 1 1789 1 1824 4 1939 24 1970 1 1991 1 1996 38 2003 1 2048 28 2113 2 2543 3 2595 1 
10 144 1 152 2 346 1 580 1 949 1 1103 1 1166 2 1204 1 1617 1 2197 12 
11 144 1 152 1 396 1 427 1 654 4 755 18 977 2 1166 3 1905 1 2100 1 2746 2 
6 361 1 1095 9 1383 3 2154 2 2442 1 2572 2 
6 268 12 1239 37 1533 2 2194 12 2231 169 2541 1 
22 114 1 135 4 165 1 328 1 543 1 761 1 840 2 1175 3 1222 1 1249 1 1282 1 1331 10 1551 4 1663 2 1729 1 1763 4 2001 1 2022 4 2062 2 2609 17 2711 2 2752 6 
14 509 8 714 5 740 1 848 1 1151 2 1202 4 1292 1 1296 1 1604 1 1642 4 1966 5 2029 1 2380 14 2596 2 
1 1738 1 
8 474 1 483 2 688 4 910 1 1377 1 1460 3 1508 2 2669 2 
25 35 2 91 1 377 1 493 1 723 2 936 2 1061 2 1102 1 1117 1 1157 5 1175 2 1444 1 1470 2 1475 20 1654 1 1725 6 1785 7 1955 7 2071 12 2250 1 2310 4 2317 2 2658 1 2725 1 2777 2 
40 97 4 250 2 328 1 340 7 541 1 545 4 613 3 809 1 852 1 865 8 902 2 951 1 963 36 1006 1 1012 2 1114 1 1140 1 1175 2 1210 1 1218 3 1331 2 1391 1 1432 1 1578 1 1600 1 1725 10 1819 3 1854 1 1865 2 1899 5 1919 3 2139 1 2199 1 2350 1 2358 1 2464 1 2485 3 2658 1 2743 3 2752 1 
16 180 31 219 3 348 2 388 1 942 1 1101 1 1331 4 1481 6 1766 1 1864 1 2091 29 2117 4 2234 3 2485 5 2513 1 2560 5 
34 191 1 311 1 412 1 679 7 809 1 910 1 950 2 1071 1 1081 3 1112 1 1175 1 1179 1 1218 1 1558 1 1568 2 1635 8 1860 1 1886 1 2008 4 2016 2 2062 1 2314 1 2316 2 2352 4 2357 1 2393 1 2396 2 2485 3 2509 4 2541 5 2605 3 2610 4 2680 1 2697 9 
43 2 24 7 1 8 2 83 1 123 1 130 2 164 1 186 3 321 4 403 6 498 1 528 1 530 1 576 10 617 2 832 2 858 1 929 25 996 7 1000 4 1148 7 1184 1 1212 3 1543 1 1697 1 1759 2 1816 1 1870 4 1946 2 1977 1 1988 11 2024 3 2056 1 2291 2 2324 4 2389 8 2518 6 2630 1 2643 1 2644 1 2731 5 2732 1 2750 1 
33 23 19 37 3 337 3 786 2 857 3 867 5 898 1 928 6 929 2 1187 6 1451 4 1499 3 1543 1 1554 1 1594 1 1602 39 1611 12 1670 3 1684 1 1697 10 1879 1 1956 10 1958 1 1977 4 1997 6 2004 4 2024 5 2389 10 2447 9 2544 1 2611 5 2643 4 2766 24 
16 804 2 848 1 1006 1 1175 1 1475 7 1645 2 1976 27 2050 2 2091 13 2250 4 2305 4 2339 1 2379 1 2609 4 2652 4 2698 5 
5 1015 1 1028 8 1406 3 2459 1 2701 3 
12 49 13 461 1 633 2 927 18 1188 18 1228 1 1250 1 1400 1 1413 1 2005 1 2257 12 2477 3 
30 4 3 53 4 187 1 188 2 212 3 352 2 434 1 467 18 545 45 626 1 780 1 794 1 807 1 833 1 841 1 893 3 972 1 1085 1 1180 4 1462 1 1631 1 1693 8 1694 1 1837 1 1878 1 2022 12 2062 1 2260 2 2358 1 2560 2 
21 21 1 84 2 113 1 313 4 488 19 588 4 630 2 690 7 754 2 767 1 847 4 1272 5 1471 1 1639 1 1669 2 1693 10 2091 13 2169 7 2362 4 2401 2 2545 1 
16 178 3 495 1 749 1 791 1 817 7 1348 1 1475 6 1776 2 1909 3 1960 6 2139 2 2255 1 2307 2 2345 2 2593 1 2598 1 
10 0 7 440 18 688 7 700 1 964 1 1102 4 1196 1 1393 1 1471 1 2669 6 
28 4 2 78 3 116 1 132 2 420 3 471 1 488 1 754 1 759 1 766 3 1006 1 1050 1 1085 1 1175 2 1366 5 1455 9 1475 6 1546 1 1785 5 1805 2 1886 1 2022 2 2063 1 2358 1 2500 5 2608 4 2658 1 2778 1 
23 103 3 406 1 603 2 638 1 903 1 936 2 1085 1 1175 3 1397 5 1693 9 1866 2 2040 9 2095 26 2110 1 2203 2 2304 3 2410 1 2485 4 2487 2 2541 8 2548 5 2679 1 2753 1 
25 106 1 143 1 293 1 482 4 646 2 688 1 781 1 855 1 903 1 912 1 934 9 1218 4 1397 1 1410 1 1471 1 1475 53 1917 3 1923 1 1930 1 1966 1 2025 1 2091 20 2259 4 2485 8 2679 2 
41 121 1 131 6 165 12 211 2 247 2 340 5 344 2 434 2 583 1 590 10 626 4 715 4 804 1 910 1 918 1 981 4 1035 2 1155 1 1175 3 1180 1 1218 3 1399 2 1528 26 1550 5 1556 1 1651 1 1710 1 1856 2 1886 2 1932 6 2033 1 2035 1 2062 1 2101 1 2407 1 2422 1 2609 31 2714 1 2743 7 2752 4 2753 1 
25 4 1 91 1 113 2 205 4 399 2 410 16 603 3 699 1 906 10 963 16 1085 1 1102 1 1218 1 1335 3 1582 4 1657 18 1678 3 1878 1 1959 3 2022 8 2062 1 2067 3 2082 16 2102 1 2305 2 
70 7 3 8 1 23 4 27 1 28 1 65 1 118 1 130 2 183 10 197 1 215 1 237 1 481 2 500 4 527 7 574 7 619 4 622 2 777 8 786 1 836 2 850 3 857 2 909 4 929 10 944 1 987 1 996 6 1046 6 1093 8 1104 1 1135 10 1172 1 1184 1 1257 1 1349 1 1451 1 1543 1 1587 1 1601 15 1687 1 1712 1 1747 8 1770 2 1839 1 1925 8 1977 25 1988 28 2024 4 2107 7 2210 1 2285 2 2291 1 2293 1 2367 1 2389 11 2405 2 2416 1 2424 11 2448 2 2510 40 2518 2 2544 6 2554 9 2643 19 2710 2 2736 1 2739 1 2751 12 2765 6 
38 18 2 105 3 150 5 239 4 307 1 374 2 515 1 547 9 551 16 590 1 625 3 767 2 829 8 855 3 1034 3 1074 1 1076 2 1114 2 1175 3 1181 6 1192 4 1293 1 1313 1 1331 20 1558 1 1573 1 1625 5 1767 2 1800 7 1869 1 2233 1 2332 1 2436 1 2458 1 2560 3 2673 1 2688 1 2754 6 
20 545 43 559 1 618 4 1006 2 1052 1 1071 6 1175 1 1280 1 1438 18 1645 3 1657 4 1878 2 1966 4 1968 1 2034 2 2174 5 2262 1 2358 1 2500 1 2610 16 
10 332 2 927 1 1276 1 1565 1 1704 5 2098 4 2239 57 2265 7 2462 1 2577 1 
27 35 2 88 2 115 3 161 1 258 1 335 1 349 1 507 2 515 2 545 30 630 4 633 1 653 3 688 1 815 1 865 5 942 2 1032 1 1441 1 1443 3 1769 10 1822 2 1975 1 1985 2 2117 30 2511 1 2725 1 
37 47 1 410 2 462 1 487 15 565 1 716 1 882 2 910 1 942 1 1006 1 1065 3 1105 3 1175 1 1270 1 1313 28 1391 1 1424 9 1441 1 1481 2 1558 1 1560 1 1628 2 1635 5 1652 2 2085 1 2095 20 2097 2 2146 4 2279 1 2357 3 2370 24 2397 1 2498 1 2609 37 2610 9 2680 4 2681 1 
27 157 1 180 4 228 4 352 2 541 2 559 2 600 6 936 1 1006 1 1175 3 1280 2 1318 3 1449 1 1707 2 1828 3 1910 1 2091 11 2227 3 2319 2 2347 2 2364 3 2445 1 2491 1 2563 4 2610 8 2616 1 2663 1 
21 190 1 327 2 491 1 711 1 829 8 1053 4 1061 1 1289 1 1315 1 1429 6 1576 4 1667 5 1815 1 1909 3 1911 2 2173 18 2343 1 2464 1 2485 6 2523 1 2555 2 
4 58 90 298 352 652 14 2562 120 
9 440 2 474 1 515 3 688 1 1000 1 1968 1 2339 1 2358 2 2669 3 
330 2045
