70 222 304
1 208 2 
2 28 2 86 1 
2 61 1 197 1 
2 23 1 48 2 
2 73 1 142 1 
4 10 2 86 2 170 4 182 1 
2 57 2 219 1 
2 178 1 213 1 
2 25 1 137 1 
11 65 1 66 1 95 1 103 1 106 1 111 1 125 1 159 1 190 1 216 4 221 1 
2 100 1 220 1 
2 63 1 102 1 
3 64 1 89 1 163 1 
2 50 1 199 1 
3 19 1 55 1 121 1 
2 169 1 177 1 
2 43 1 130 1 
4 3 1 60 1 78 2 194 1 
2 107 1 110 1 
2 32 1 114 1 
2 34 1 205 1 
2 62 1 90 1 
4 5 1 38 1 77 1 127 1 
2 155 1 214 1 
2 109 1 174 1 
8 39 1 72 4 79 1 113 1 165 1 173 1 185 1 209 1 
2 22 1 51 1 
3 116 1 119 1 202 1 
2 91 1 105 1 
2 21 1 70 1 
2 4 1 37 1 
2 29 1 98 1 
3 7 1 31 1 69 1 
5 59 1 71 1 148 1 156 1 189 1 
4 2 1 81 1 172 1 184 1 
3 112 1 129 1 211 6 
2 30 1 207 1 
2 88 1 193 1 
4 12 3 83 1 93 1 97 2 
2 9 1 17 1 
2 87 1 147 1 
3 15 1 160 1 186 1 
2 145 1 198 1 
4 14 1 134 1 162 4 216 1 
2 94 3 124 1 
2 104 1 175 1 
2 36 1 135 1 
3 41 1 92 1 149 1 
2 11 1 141 1 
3 68 1 167 1 191 1 
3 146 1 150 1 158 1 
3 52 1 200 1 212 1 
3 120 1 143 1 187 1 
4 24 1 54 1 115 1 188 1 
5 13 1 45 1 56 1 96 1 195 1 
3 18 1 74 1 183 2 
2 84 2 176 1 
3 42 1 161 1 181 1 
2 49 1 169 1 
7 58 1 60 1 82 1 86 2 170 2 180 2 218 2 
2 101 1 201 1 
21 0 2 16 1 27 1 40 1 94 1 99 1 118 1 122 1 126 1 128 2 131 1 140 2 144 1 154 1 157 1 166 1 168 1 179 1 204 1 206 1 217 1 
3 67 1 133 1 136 1 
2 1 1 123 1 
2 20 1 53 1 
4 6 1 44 1 117 1 192 1 
7 8 1 47 1 80 2 108 2 139 1 164 1 196 2 
13 33 1 35 1 46 1 76 1 85 1 132 1 138 1 151 2 152 1 153 1 171 1 210 1 215 1 
3 12 3 86 2 170 2 
3 26 1 75 2 203 1 
5 9 29 32 5 57 2 62 1 158 1 
3 18 1 22 4 116 3 
6 32 1 69 3 123 3 193 1 198 2 219 1 
2 83 1 114 4 
3 6 1 88 1 213 7 
5 32 2 123 1 137 1 158 3 199 2 
3 114 10 145 1 181 2 
3 10 1 85 1 184 9 
5 14 2 91 1 105 3 168 2 169 1 
2 14 3 176 3 
3 113 1 124 1 182 7 
1 32 4 
1 145 2 
4 24 1 50 1 73 1 205 2 
2 51 1 145 1 
2 73 1 145 1 
8 12 10 13 1 58 1 96 1 106 1 111 2 126 1 159 4 
6 20 2 65 2 86 5 125 11 138 3 148 1 
5 125 1 128 2 148 4 204 1 206 3 
1 74 1 
1 198 4 
2 32 3 54 5 
3 32 5 198 2 200 1 
1 219 1 
10 33 1 66 1 86 1 106 1 125 2 131 2 132 1 156 1 157 1 180 4 
1 51 1 
2 92 1 145 1 
3 145 1 155 10 158 1 
2 41 3 87 1 
1 92 4 
2 92 12 119 9 
3 78 216 171 14 196 900 
4 78 208 97 216 145 4 196 116 
3 15 1 145 1 163 1 
2 92 7 110 5 
1 183 7 
2 32 6 54 1 
4 32 4 41 57 73 2 145 2 
1 114 2 
2 14 1 105 2 
5 26 2 39 1 72 3 185 1 195 1 
4 72 1 75 22 167 3 209 1 
3 79 1 80 9 182 1 
1 108 7 
3 32 3 158 4 187 1 
1 187 6 
3 31 4 183 1 200 1 
5 32 1 44 1 145 1 149 6 198 6 
1 137 4 
9 12 5 28 1 59 24 71 13 111 1 139 3 148 4 159 5 189 8 
10 12 4 20 5 66 2 103 1 106 1 111 1 125 4 159 3 206 1 221 1 
2 20 1 206 5 
5 23 1 152 2 153 1 210 5 216 6 
2 147 2 186 4 
3 5 1 145 1 198 4 
1 6 1 
2 98 2 213 1 
2 114 7 158 2 
1 123 3 
1 183 4 
3 14 4 29 1 31 7 
4 32 5 145 1 192 1 198 6 
1 145 1 
1 205 1 
1 9 1 
5 5 1 41 10 145 1 158 1 198 2 
1 9 50 
3 22 8 145 1 212 1 
1 205 3 
4 30 212 78 84 97 48 196 519 
5 16 40 30 195 97 132 170 2 218 12 
3 32 1 101 1 205 2 
2 41 10 145 1 
3 61 1 130 1 198 3 
1 158 2 
4 7 4 114 13 145 1 198 4 
3 37 4 73 1 145 1 
5 48 2 80 2 100 5 133 1 162 6 
8 53 1 109 4 133 1 161 1 165 1 173 3 174 1 195 3 
4 80 3 81 1 85 2 182 13 
4 3 192 60 36 82 120 108 216 
4 5 1 92 3 127 1 178 1 
1 145 1 
1 145 2 
3 32 4 145 1 198 6 
1 57 1 
3 145 1 158 3 201 1 
13 12 11 33 2 46 1 65 3 86 4 125 4 126 1 128 2 139 3 148 10 152 2 197 1 206 4 
6 12 4 65 1 66 6 93 1 96 1 140 1 
8 36 2 45 3 118 3 128 1 135 5 148 3 156 2 159 3 
7 46 6 131 2 148 4 152 1 159 1 204 1 206 3 
2 17 1 32 2 
2 32 6 158 1 
1 38 1 
4 15 2 92 3 110 3 145 2 
3 32 8 145 2 198 1 
2 37 2 186 3 
2 41 85 145 1 
1 73 4 
1 88 1 
4 9 10 74 2 150 2 212 1 
2 64 1 146 1 
3 74 8 115 1 205 6 
1 145 1 
1 194 371 
2 97 36 196 19 
1 22 7 
1 24 1 
2 145 1 158 2 
1 47 2 
1 92 4 
5 101 1 114 15 145 2 158 2 198 6 
1 112 8 
4 26 4 39 1 133 2 136 17 
5 42 1 68 1 80 8 100 1 203 1 
2 145 2 158 3 
2 51 1 212 1 
1 145 1 
1 145 6 
3 7 2 187 1 202 1 
3 32 1 34 5 158 1 
3 41 3 145 1 198 5 
3 73 2 158 2 199 1 
11 12 1 20 11 28 2 33 1 46 1 65 5 122 1 125 1 151 7 166 3 179 1 
12 20 7 59 6 76 1 95 5 99 1 132 3 140 1 148 9 157 2 197 1 206 3 216 10 
9 35 11 58 16 65 1 99 1 125 6 128 3 159 1 166 8 177 1 
5 58 1 111 1 135 4 148 10 151 5 
1 34 1 
1 31 22 
3 41 46 145 1 198 6 
1 94 6 
3 88 1 145 1 198 2 
1 112 1 
3 123 5 141 1 145 1 
1 145 1 
2 37 2 114 14 
6 41 9 107 1 145 2 158 2 198 5 200 1 
3 54 1 92 2 145 2 
2 73 1 205 1 
2 7 1 145 2 
3 9 28 17 1 175 4 
1 208 2 
3 30 104 97 96 196 900 
1 102 1 
5 32 5 67 5 112 1 142 1 175 5 
3 21 1 137 1 205 1 
3 92 1 183 11 213 3 
3 145 1 158 2 198 6 
2 37 3 211 3 
3 42 3 48 2 217 1 
3 83 8 117 1 214 40 
1 158 1 
1 17 3 
1 145 1 
1 145 2 
4 9 30 56 1 98 2 175 3 
1 73 1 
4 110 2 145 1 199 1 205 1 
1 160 2 
14 0 7 12 3 20 1 65 1 86 1 103 1 106 1 122 1 125 2 128 4 138 1 139 7 179 1 207 2 
7 35 2 66 4 86 1 154 2 157 1 159 1 206 2 
6 86 2 125 7 135 15 148 3 189 4 206 1 
3 145 1 158 2 191 1 
2 87 1 147 2 
2 41 15 198 6 
3 112 2 145 1 183 7 
1 150 2 
2 10 15 94 17 
3 17 2 31 2 205 5 
6 69 2 145 1 188 1 193 1 198 2 205 1 
2 143 1 145 1 
1 146 1 
3 32 7 137 3 198 1 
1 92 2 
2 119 5 183 5 
1 145 1 
3 9 50 55 3 107 2 
1 14 1 
3 114 10 129 1 145 2 
2 145 1 158 1 
5 30 260 78 84 97 216 190 20 196 1080 
1 145 2 
3 74 12 129 2 187 10 
4 88 1 145 1 158 2 198 2 
1 150 1 
1 205 2 
4 9 2 32 1 41 4 175 4 
3 73 1 158 1 169 2 
2 144 1 214 3 
1 34 1 
1 17 2 
2 70 1 145 1 
4 14 1 73 1 101 3 145 2 
4 32 5 130 1 145 1 158 1 
1 188 2 
2 9 18 123 2 
6 16 34 20 2 86 2 111 1 118 1 159 2 
6 27 1 36 34 86 3 99 2 148 3 180 1 
4 32 2 145 2 158 2 181 1 
2 186 1 205 5 
3 31 1 74 1 220 2 
5 32 4 41 32 61 10 107 1 145 1 
1 150 1 
1 94 24 
1 32 5 
3 88 1 145 2 175 3 
1 104 1 
1 145 2 
3 25 1 73 1 199 1 
2 142 1 192 1 
2 145 1 158 3 
1 158 1 
2 7 1 112 3 
3 14 1 84 1 105 3 
1 52 2 
1 124 1 
3 40 4 94 30 164 10 
3 32 2 41 5 213 2 
3 50 3 120 1 188 1 
3 114 3 150 1 183 5 
1 145 1 
3 73 1 130 1 175 8 
3 155 10 169 1 214 41 
1 147 1 
3 32 3 145 1 172 3 
1 145 2 
2 9 1 145 1 
2 32 2 186 1 
1 54 1 
9 12 1 20 2 86 1 96 1 128 2 139 2 166 1 180 7 210 7 
3 110 1 158 4 198 6 
2 145 1 219 14 
3 89 2 114 11 116 2 
1 92 7 
2 121 1 183 3 
3 10 16 48 1 60 28 
5 7 1 32 2 52 1 145 1 198 11 
5 57 1 101 3 158 2 183 2 213 1 
3 120 1 145 1 212 3 
4 7 1 19 2 145 1 198 4 
2 43 3 158 1 
1 73 1 
4 14 1 49 1 176 2 177 1 
3 24 1 32 2 158 1 
1 94 32 
1 32 5 
3 4 1 198 2 205 1 
1 17 2 
6 32 4 114 4 145 2 158 2 198 1 200 2 
1 211 4 
5 71 6 96 6 131 2 132 1 139 2 
3 92 1 145 1 158 3 
1 155 28 
2 155 19 214 24 
1 147 1 
2 11 1 17 2 
1 37 1 
4 73 1 145 1 158 4 219 1 
5 15 5 112 2 158 1 181 2 193 1 
2 32 1 198 1 
1 158 1 
2 208 1 212 1 
8 12 3 20 2 28 5 45 12 86 2 111 2 159 7 179 2 
3 64 7 77 1 87 3 
2 87 5 145 2 
3 32 5 158 2 198 5 
1 61 1 
1 92 6 
2 158 1 198 4 
2 48 2 170 89 
2 145 1 158 1 
2 158 2 213 1 
1 213 2 
3 1 1 87 1 146 1 
6 37 1 41 34 50 12 88 1 92 1 145 2 
1 104 1 
1 145 2 
6 2 1 14 2 40 6 75 11 167 12 185 1 
4 14 2 84 1 105 1 169 1 
2 134 1 177 1 
4 8 11 82 23 94 2 108 207 
1 145 1 
2 102 1 145 2 
5 32 1 145 1 158 4 198 3 213 2 
3 41 13 50 1 198 2 
2 92 1 158 1 
7 0 2 65 1 95 9 128 4 131 3 159 2 215 1 
9 20 8 86 2 96 9 106 1 111 1 148 5 151 20 156 5 218 20 
1 155 12 
1 22 1 
1 145 1 
1 37 1 
1 55 1 
1 61 1 
1 63 2 
4 24 1 29 1 41 6 112 1 
7 28 2 33 1 86 3 138 3 156 12 159 5 179 3 
1 70 1 
3 73 2 92 1 145 2 
3 9 1 90 8 147 1 
4 32 1 114 4 145 1 158 1 
1 89 1 
1 187 1 
2 78 12 196 622 
52 153
