2682 2309 90
1 603 1 
1 580 1 
1 1744 1 
1 1631 1 
1 1749 1 
1 1851 1 
1 1931 1 
1 77 2 
1 1244 1 
1 606 1 
1 816 1 
1 1289 2 
1 1326 1 
1 263 1 
1 1517 1 
1 336 1 
1 1943 1 
1 690 1 
1 1389 1 
1 110 6 
1 1045 1 
1 917 1 
1 1260 1 
1 26 1 
1 1593 1 
1 1898 1 
1 2247 1 
1 1 1 
1 1257 1 
1 1599 1 
1 530 1 
1 656 1 
1 2193 1 
1 650 1 
1 2150 1 
1 762 1 
1 1689 1 
1 1779 1 
1 1871 1 
1 711 1 
1 359 1 
1 828 1 
1 749 1 
1 121 1 
1 639 1 
1 713 1 
1 1404 1 
1 1345 1 
1 1573 1 
1 1140 1 
1 2136 1 
1 1010 1 
1 1403 1 
1 1940 2 
1 8 1 
1 695 1 
1 598 1 
1 1676 1 
1 714 1 
1 1973 1 
1 387 1 
1 1286 1 
1 803 1 
1 2172 1 
1 334 1 
1 2122 1 
1 1236 1 
1 186 1 
1 198 1 
1 1341 1 
1 643 1 
1 2223 2 
1 2149 1 
1 443 1 
1 188 1 
1 809 1 
1 1042 1 
1 415 1 
1 680 1 
1 1899 2 
1 24 1 
1 1456 1 
1 2120 1 
1 1136 1 
1 174 1 
1 2076 1 
1 971 4 
1 25 2 
1 43 1 
1 2267 1 
1 251 1 
1 1315 1 
1 717 1 
1 996 1 
1 1318 1 
1 1855 1 
1 2273 1 
1 981 1 
1 63 1 
1 347 1 
1 418 1 
1 1369 1 
1 1155 1 
1 1964 2 
1 2155 1 
1 779 1 
1 1119 1 
1 9 1 
1 2195 1 
1 35 1 
1 626 1 
1 80 1 
1 964 1 
1 1674 1 
1 2024 2 
1 747 1 
1 479 1 
1 1364 1 
1 618 1 
1 455 1 
1 1080 1 
1 1797 1 
1 942 1 
1 206 1 
1 1312 1 
1 2003 1 
1 1553 1 
1 1247 1 
1 1578 1 
1 308 1 
1 71 1 
1 2183 1 
1 1647 1 
1 1717 1 
1 524 1 
1 1463 1 
1 1987 1 
1 1847 1 
1 84 1 
1 1412 1 
1 619 1 
1 1307 1 
1 1459 1 
1 853 1 
1 2053 1 
1 513 1 
1 2277 1 
1 2153 1 
1 1239 1 
1 72 1 
1 1378 1 
1 1132 1 
1 241 1 
1 1375 2 
1 972 5 
1 1212 1 
1 778 1 
1 34 1 
1 99 1 
1 1087 1 
1 87 1 
1 816 1 
1 1809 1 
1 2038 1 
1 1267 1 
1 1693 1 
1 98 1 
1 1156 1 
1 2208 1 
1 239 1 
1 2194 1 
1 737 1 
1 1591 1 
1 1932 1 
1 243 1 
1 1390 1 
1 1145 1 
1 949 1 
1 2107 1 
1 1984 2 
1 2194 1 
1 881 1 
1 1357 1 
1 448 1 
1 541 1 
1 1695 1 
1 1066 1 
1 1709 1 
1 1410 1 
1 2177 1 
1 1906 1 
1 1788 1 
1 1981 2 
1 1405 1 
1 1004 1 
1 1143 2 
1 145 1 
1 1140 1 
1 226 1 
1 132 1 
1 1886 1 
1 1350 1 
1 498 1 
1 1888 1 
1 381 1 
1 1611 1 
1 315 1 
1 1743 1 
1 824 1 
1 180 1 
1 287 2 
1 834 1 
1 461 1 
1 1711 1 
1 1993 1 
1 541 1 
1 371 1 
1 304 1 
1 1500 3 
1 1024 1 
1 2160 1 
1 663 1 
1 729 1 
1 2056 5 
1 2266 1 
1 1189 1 
1 1475 1 
1 740 1 
1 2305 1 
1 128 1 
1 901 1 
1 1123 1 
1 998 1 
1 1933 1 
1 1213 1 
1 2106 2 
1 328 1 
1 2250 1 
1 1656 1 
1 1911 15 
1 123 2 
1 258 1 
1 974 1 
1 2288 3 
1 1867 1 
1 142 1 
1 1249 1 
1 1112 1 
1 1338 1 
1 1411 2 
1 920 1 
1 2063 1 
1 1856 1 
1 2093 1 
1 1461 1 
1 147 1 
1 2207 1 
1 727 1 
1 1543 1 
1 1909 1 
1 1084 3 
1 324 1 
1 1967 1 
1 569 2 
1 765 1 
1 706 1 
1 1989 1 
1 250 1 
1 189 2 
1 457 1 
1 309 1 
1 515 2 
1 1539 1 
1 598 1 
1 1546 1 
1 1187 1 
1 1784 3 
1 219 1 
1 1258 1 
1 1490 1 
1 1362 1 
1 826 1 
1 1393 1 
1 2024 1 
1 1644 1 
1 1962 1 
1 1399 1 
1 805 1 
1 1211 1 
1 279 2 
1 2013 1 
1 170 1 
1 1881 1 
1 1369 1 
1 879 1 
1 1798 2 
1 1547 1 
1 1224 1 
1 69 1 
1 1482 1 
1 540 1 
1 1077 1 
1 116 1 
1 598 1 
1 1241 1 
1 160 1 
1 1565 1 
1 1549 1 
1 2051 1 
1 702 1 
1 1741 1 
1 458 1 
1 116 1 
1 1195 1 
1 671 1 
1 1474 1 
1 897 1 
1 806 1 
1 982 1 
1 842 1 
1 638 1 
1 2133 1 
1 12 1 
1 1091 1 
1 679 1 
1 1304 1 
1 1196 1 
1 312 3 
1 449 1 
1 60 1 
1 1241 1 
1 2050 1 
1 1453 1 
1 1328 1 
1 939 1 
1 1467 1 
1 701 1 
1 794 1 
1 1131 1 
1 1269 1 
1 768 1 
1 1671 3 
1 1960 1 
1 935 1 
1 66 2 
1 433 4 
1 2047 1 
1 1690 2 
1 1201 1 
1 1081 1 
1 321 1 
1 2206 1 
1 1096 1 
1 1960 1 
1 1864 1 
1 721 1 
1 129 1 
1 1563 1 
1 1839 1 
1 212 1 
1 1541 1 
1 867 1 
1 866 2 
1 323 2 
1 70 1 
1 1768 1 
1 1012 2 
1 1877 1 
1 1746 1 
1 169 1 
1 230 1 
1 1505 1 
1 991 1 
1 827 1 
1 298 1 
1 1046 1 
1 2023 1 
1 96 1 
1 1090 1 
1 771 1 
1 1264 1 
1 1997 1 
1 1496 1 
1 1996 1 
1 852 1 
1 1692 1 
1 1560 1 
1 870 1 
1 1331 2 
1 233 1 
1 2017 1 
1 1664 1 
1 2 1 
1 1724 1 
1 40 1 
1 150 1 
1 1960 1 
1 2194 1 
1 1782 1 
1 1570 1 
1 216 1 
1 1188 1 
1 2030 1 
1 53 1 
1 194 1 
1 818 1 
1 1795 1 
1 514 1 
1 155 1 
1 1352 2 
1 990 1 
1 247 2 
1 909 1 
1 1361 1 
1 2293 1 
1 911 1 
1 816 1 
1 1891 1 
1 1252 1 
1 1892 1 
1 2282 1 
1 1960 1 
1 1194 1 
1 201 1 
1 789 1 
1 1757 1 
1 2265 1 
1 2000 1 
1 143 1 
1 385 1 
1 2034 1 
1 154 1 
1 956 1 
1 1516 1 
1 1532 1 
1 2232 1 
1 1242 1 
1 2228 1 
1 1934 1 
1 1783 1 
1 227 1 
1 957 1 
1 18 1 
1 598 1 
1 1794 1 
1 1550 1 
1 17 1 
1 1176 1 
1 989 1 
1 1581 1 
1 1623 1 
1 491 1 
1 829 1 
1 2280 3 
1 1521 2 
1 61 1 
1 289 1 
1 1062 1 
1 2303 1 
1 388 1 
1 636 1 
1 830 3 
1 1498 1 
1 1826 1 
1 1548 1 
1 1781 1 
1 481 1 
1 786 1 
1 192 1 
1 1542 1 
1 1291 1 
1 2032 1 
1 1893 1 
1 316 1 
1 1365 1 
1 1011 1 
1 456 1 
1 2229 1 
1 1845 1 
1 885 1 
1 1553 1 
1 2178 1 
1 620 1 
1 370 1 
1 891 1 
1 1622 1 
1 1298 1 
1 1770 1 
1 332 1 
1 1974 1 
1 353 1 
1 482 1 
1 267 2 
1 1332 1 
1 1217 1 
1 598 1 
1 781 1 
1 474 1 
1 1889 1 
1 2125 1 
1 598 1 
1 1866 1 
1 508 1 
1 408 1 
1 313 1 
1 187 1 
1 1295 1 
1 1072 1 
1 2228 1 
1 249 1 
1 453 1 
1 472 15 
1 1298 1 
1 1447 1 
1 1200 1 
1 319 3 
1 533 1 
1 1769 1 
1 2008 1 
1 277 1 
1 1199 1 
1 792 1 
1 512 1 
1 1079 1 
1 375 1 
1 1028 2 
1 701 1 
1 1965 1 
1 816 1 
1 1694 1 
1 1808 1 
1 10 1 
1 2242 1 
1 1979 1 
1 790 1 
1 763 1 
1 953 1 
1 431 1 
1 975 1 
1 2138 4 
1 447 1 
1 1824 1 
1 923 1 
1 373 1 
1 257 1 
1 1164 1 
1 1444 1 
1 1360 1 
1 736 1 
1 1215 1 
1 1748 1 
1 846 1 
1 2194 1 
1 116 1 
1 518 1 
1 1452 1 
1 635 1 
1 882 1 
1 859 1 
1 421 1 
1 1571 1 
1 411 1 
1 459 1 
1 241 6 
1 20 1 
1 1431 1 
1 1251 1 
1 2194 1 
1 733 1 
1 1101 3 
1 1435 1 
1 682 1 
1 246 1 
1 1299 1 
1 1391 1 
1 1178 1 
1 1833 1 
1 2001 1 
1 1533 1 
1 1790 1 
1 1173 2 
1 2194 2 
1 85 1 
1 2022 1 
1 464 1 
1 943 1 
1 1020 1 
1 955 1 
1 1158 2 
1 93 1 
1 1462 1 
1 526 1 
1 126 1 
1 234 1 
1 924 1 
1 404 1 
1 484 1 
1 311 1 
1 1580 1 
1 1511 1 
1 1960 1 
1 1849 1 
1 1948 1 
1 856 1 
1 1001 1 
1 748 1 
1 1960 1 
1 815 3 
1 1879 1 
1 912 1 
1 2211 1 
1 1115 1 
1 1719 1 
1 1007 1 
1 1971 2 
1 1470 1 
1 1600 1 
1 658 1 
1 156 1 
1 850 1 
1 742 1 
1 31 1 
1 1563 1 
1 1055 1 
1 589 1 
1 2169 1 
1 900 1 
1 1170 1 
1 217 1 
1 2224 1 
1 272 3 
1 548 1 
1 1109 1 
1 2018 1 
1 1135 1 
1 1349 1 
1 598 1 
1 2112 1 
1 195 1 
1 1571 1 
1 1628 1 
1 1489 1 
1 1197 1 
1 108 1 
1 2237 1 
1 1872 1 
1 6 1 
1 2110 1 
1 47 1 
1 2215 1 
1 371 1 
1 2066 1 
1 1008 1 
1 1218 1 
1 1314 1 
1 849 1 
1 1960 1 
1 1300 1 
1 2064 1 
1 1771 1 
1 598 1 
1 670 1 
1 970 1 
1 1368 1 
1 855 3 
1 2152 3 
1 2194 1 
1 1925 1 
1 462 1 
1 573 1 
1 360 1 
1 1545 1 
1 281 1 
1 608 1 
1 1273 1 
1 701 1 
1 797 1 
1 325 1 
1 776 1 
1 1228 1 
1 2107 1 
1 739 1 
1 25 1 
1 1679 1 
1 2231 1 
1 2251 1 
1 436 1 
1 1725 1 
1 662 3 
1 2116 1 
1 769 1 
1 1204 1 
1 1927 1 
1 582 1 
1 114 1 
1 1208 1 
1 1665 1 
1 785 1 
1 402 1 
1 526 1 
1 664 1 
1 1166 1 
1 2141 1 
1 1358 1 
1 648 1 
1 1117 1 
1 404 1 
1 490 1 
1 1753 1 
1 1601 1 
1 2080 1 
1 1368 1 
1 2235 1 
1 959 1 
1 1048 1 
1 1522 1 
1 1336 1 
1 74 1 
1 600 1 
1 2057 2 
1 1862 1 
1 2129 1 
1 1558 4 
1 559 1 
1 117 1 
1 1343 1 
1 1098 1 
1 1322 1 
1 758 1 
1 2077 1 
1 1210 1 
1 977 1 
1 1423 1 
1 2216 1 
1 556 1 
1 369 1 
1 701 1 
1 579 1 
1 295 1 
1 343 1 
1 803 1 
1 1066 1 
1 2164 1 
1 2194 1 
1 486 1 
1 517 1 
1 340 1 
1 2272 2 
1 1347 1 
1 951 1 
1 1556 1 
1 1139 1 
1 1680 1 
1 572 1 
1 1930 2 
1 1737 1 
1 1716 1 
1 1508 1 
1 1382 1 
1 555 1 
1 395 1 
1 2035 1 
1 1878 2 
1 1696 1 
1 707 1 
1 1021 1 
1 734 1 
1 1220 1 
1 1606 1 
1 979 4 
1 1121 1 
1 159 1 
1 2204 1 
1 614 1 
1 752 1 
1 16 1 
1 848 1 
1 2125 1 
1 914 1 
1 1151 1 
1 2014 1 
1 2170 1 
1 1187 1 
1 2024 1 
1 1863 1 
1 1846 1 
1 701 1 
1 2228 1 
1 1155 1 
1 1047 1 
1 1051 1 
1 813 1 
1 454 1 
1 29 2 
1 1050 1 
1 469 2 
1 1219 2 
1 1168 1 
1 1854 1 
1 444 5 
1 1823 1 
1 1292 1 
1 1971 1 
1 1381 1 
1 1588 1 
1 802 1 
1 1132 1 
1 2014 1 
1 601 1 
1 2194 1 
1 2169 1 
1 1174 1 
1 2194 1 
1 222 1 
1 1177 1 
1 791 1 
1 701 1 
1 1207 1 
1 262 1 
1 1829 1 
1 701 1 
1 1921 1 
1 2109 1 
1 571 1 
1 2244 1 
1 1094 1 
1 2166 1 
1 1369 1 
1 2287 1 
1 1147 1 
1 2203 1 
1 406 1 
1 583 3 
1 1759 1 
1 817 1 
1 1193 1 
1 1270 1 
1 95 1 
1 349 1 
1 1171 1 
1 1189 1 
1 1054 1 
1 1283 1 
1 535 1 
1 918 1 
1 1419 1 
1 1751 1 
1 1553 2 
1 196 1 
1 515 4 
1 1059 1 
1 165 1 
1 238 1 
1 1293 1 
1 505 1 
1 1518 1 
1 1917 1 
1 1508 1 
1 1596 1 
1 819 1 
1 747 1 
1 568 1 
1 1960 1 
1 468 1 
1 2220 1 
1 163 1 
1 103 1 
1 244 1 
1 2295 1 
1 1430 1 
1 392 1 
1 1630 1 
1 527 1 
1 2248 1 
1 1297 1 
1 330 2 
1 793 1 
1 811 1 
1 1975 1 
1 2194 1 
1 957 1 
1 1095 1 
1 403 1 
1 1882 1 
1 122 1 
1 49 1 
1 783 1 
1 2165 1 
1 2289 1 
1 1969 1 
1 185 1 
1 1937 1 
1 214 2 
1 586 1 
1 1294 1 
1 1901 1 
1 335 1 
1 2194 1 
1 1642 1 
1 696 1 
1 1848 1 
1 685 1 
1 945 1 
1 2121 1 
1 1237 1 
1 1781 1 
1 701 1 
1 2068 1 
1 547 2 
1 1531 1 
1 1254 1 
1 1421 1 
1 253 1 
1 1100 1 
1 1874 1 
1 1246 1 
1 161 1 
1 1488 2 
1 1587 1 
1 966 1 
1 1446 1 
1 500 1 
1 1781 1 
1 592 1 
1 1437 1 
1 1019 1 
1 1407 1 
1 539 2 
1 1653 1 
1 1805 1 
1 659 1 
1 1961 2 
1 1750 4 
1 205 1 
1 2295 1 
1 598 1 
1 1953 1 
1 463 1 
1 1627 1 
1 2167 10 
1 425 1 
1 520 2 
1 361 1 
1 1830 2 
1 1033 1 
1 2185 1 
1 708 1 
1 562 1 
1 528 1 
1 1650 1 
1 1895 1 
1 1298 1 
1 1870 1 
1 394 1 
1 1262 1 
1 223 1 
1 1368 5 
1 1272 1 
1 1852 1 
1 1161 1 
1 515 1 
1 816 1 
1 310 1 
1 1960 1 
1 590 2 
1 701 1 
1 1971 1 
1 0 1 
1 1977 1 
1 665 1 
1 1536 1 
1 488 1 
1 1526 1 
1 888 1 
1 78 1 
1 90 1 
1 984 1 
1 863 1 
1 366 1 
1 1041 1 
1 989 1 
1 1976 1 
1 701 1 
1 610 2 
1 1873 1 
1 1122 1 
1 1624 1 
1 835 1 
1 1433 1 
1 629 2 
1 140 1 
1 211 1 
1 1577 1 
1 532 1 
1 2039 1 
1 598 1 
1 1982 1 
1 731 1 
1 1497 1 
1 1016 1 
1 23 1 
1 2205 1 
1 1736 1 
1 1761 1 
1 2246 1 
1 1677 1 
1 2256 2 
1 1259 1 
1 1820 1 
1 1698 1 
1 25 1 
1 1924 1 
1 691 1 
1 1319 1 
1 1279 1 
1 1406 1 
1 1390 1 
1 125 2 
1 2225 2 
1 1321 1 
1 980 1 
1 1920 1 
1 1379 1 
1 439 2 
1 2083 1 
1 383 2 
1 921 1 
1 1221 1 
1 1599 1 
1 1614 1 
1 553 1 
1 303 1 
1 1743 1 
1 1316 1 
1 2046 1 
1 837 1 
1 1227 1 
1 2297 1 
1 1442 1 
1 1480 1 
1 2268 1 
1 516 5 
1 109 1 
1 288 1 
1 1420 1 
1 237 1 
1 331 1 
1 2194 2 
1 598 1 
1 1038 1 
1 2298 1 
1 1796 1 
1 633 1 
1 1949 1 
1 2201 1 
1 1374 1 
1 25 1 
1 58 1 
1 1919 1 
1 709 2 
1 176 1 
1 946 1 
1 798 1 
1 506 1 
1 2259 1 
1 144 1 
1 2068 1 
1 2257 1 
1 1355 1 
1 2006 1 
1 2091 1 
1 1130 1 
1 1298 1 
1 1281 1 
1 1333 1 
1 437 1 
1 2105 1 
1 1562 1 
1 661 1 
1 1216 1 
1 1277 1 
1 419 1 
1 2234 1 
1 1941 2 
1 1000 1 
1 362 1 
1 905 1 
1 880 1 
1 509 1 
1 83 1 
1 525 1 
1 2205 1 
1 1073 1 
1 1243 1 
1 193 1 
1 1025 1 
1 1787 1 
1 1960 1 
1 701 1 
1 229 1 
1 314 1 
1 529 1 
1 2198 1 
1 588 1 
1 968 1 
1 1230 1 
1 1714 1 
1 75 1 
1 647 3 
1 1377 1 
1 1605 1 
1 1469 1 
1 451 1 
1 1074 1 
1 701 1 
1 843 1 
1 79 2 
1 598 1 
1 1938 1 
1 729 1 
1 259 1 
1 1023 1 
1 1159 1 
1 1728 1 
1 105 1 
1 2089 1 
1 1507 2 
1 1675 1 
1 401 1 
1 2191 1 
1 1712 3 
1 1226 1 
1 190 1 
1 2238 1 
1 21 1 
1 766 4 
1 1182 1 
1 1070 2 
1 841 2 
1 816 1 
1 256 2 
1 1302 1 
1 1827 1 
1 1672 1 
1 1775 1 
1 1123 1 
1 1031 1 
1 595 1 
1 1387 1 
1 929 1 
1 101 1 
1 452 1 
1 872 1 
1 523 4 
1 376 1 
1 141 1 
1 2284 1 
1 2276 1 
1 302 1 
1 604 1 
1 115 1 
1 1875 1 
1 74 1 
1 1227 1 
1 1804 1 
1 204 1 
1 1603 1 
1 357 1 
1 536 2 
1 523 1 
1 1086 1 
1 675 1 
1 502 1 
1 342 1 
1 62 1 
1 322 1 
1 1227 1 
1 1575 2 
1 2291 1 
1 460 1 
1 660 1 
1 2074 8 
1 607 1 
1 1162 1 
1 2269 1 
1 152 1 
1 1887 1 
1 1099 2 
1 1153 1 
1 472 1 
1 424 1 
1 576 1 
1 1108 3 
1 1380 4 
1 1652 1 
1 808 1 
1 1140 1 
1 1618 1 
1 168 1 
1 1668 1 
1 1900 1 
1 368 1 
1 1684 1 
1 485 2 
1 1198 3 
1 667 1 
1 2263 1 
1 1348 1 
1 1828 3 
1 1538 1 
1 1819 1 
1 1416 1 
1 1473 1 
1 46 2 
1 598 1 
1 1425 2 
1 816 1 
1 807 1 
1 171 1 
1 398 1 
1 1905 1 
1 1528 1 
1 2181 1 
1 2302 1 
1 1926 1 
1 1478 1 
1 404 1 
1 1574 1 
1 2189 1 
1 1068 1 
1 928 1 
1 1513 3 
1 1376 1 
1 1334 1 
1 397 1 
1 1214 1 
1 1082 1 
1 1499 1 
1 1472 1 
1 1009 1 
1 19 1 
1 39 2 
1 1537 1 
1 2114 2 
1 1515 1 
1 1638 2 
1 1053 1 
1 858 1 
1 1253 1 
1 1766 1 
1 2084 2 
1 292 1 
1 2010 1 
1 958 2 
1 646 1 
1 851 1 
1 300 1 
1 823 1 
1 1217 1 
1 158 2 
1 915 1 
1 2175 1 
1 1972 1 
1 1908 2 
1 1083 1 
1 157 1 
1 1738 2 
1 337 1 
1 774 1 
1 2182 1 
1 1615 1 
1 2009 1 
1 704 1 
1 1196 1 
1 1582 1 
1 701 1 
1 1960 1 
1 2113 2 
1 1683 1 
1 1731 1 
1 427 1 
1 471 1 
1 1762 1 
1 1654 1 
1 297 1 
1 1980 1 
1 545 1 
1 92 1 
1 1324 1 
1 2272 1 
1 847 1 
1 574 3 
1 1226 1 
1 2290 1 
1 1655 1 
1 1413 1 
1 1763 1 
1 1781 2 
1 1657 1 
1 499 1 
1 1120 1 
1 609 1 
1 466 1 
1 2161 1 
1 1401 1 
1 715 1 
1 1417 1 
1 2262 1 
1 838 1 
1 1124 1 
1 2130 1 
1 1535 1 
1 950 1 
1 36 1 
1 1202 1 
1 2020 1 
1 1705 1 
1 733 1 
1 868 1 
1 2078 1 
1 1752 2 
1 598 2 
1 1184 1 
1 602 1 
1 945 1 
1 2188 1 
1 1786 1 
1 946 1 
1 2144 1 
1 1223 1 
1 821 1 
1 1760 1 
1 213 1 
1 2031 1 
1 2264 2 
1 1880 1 
1 68 1 
1 364 1 
1 202 2 
1 1629 1 
1 1853 1 
1 182 1 
1 1369 1 
1 916 1 
1 1102 1 
1 1883 1 
1 1812 1 
1 1504 1 
1 1821 2 
1 473 1 
1 1673 1 
1 2154 1 
1 649 1 
1 1015 1 
1 1960 1 
1 178 1 
1 613 1 
1 648 3 
1 2171 1 
1 890 1 
1 932 4 
1 510 1 
1 1910 1 
1 106 1 
1 2015 1 
1 634 1 
1 1619 1 
1 666 1 
1 701 1 
1 2081 1 
1 275 1 
1 1287 1 
1 286 1 
1 2058 1 
1 306 1 
1 132 1 
1 1484 1 
1 760 1 
1 333 1 
1 495 1 
1 1509 1 
1 131 1 
1 938 1 
1 941 1 
1 1150 1 
1 189 1 
1 487 1 
1 2062 1 
1 2230 1 
1 1858 2 
1 534 1 
1 1129 1 
1 1186 1 
1 2248 1 
1 1443 1 
1 1968 1 
1 1445 1 
1 2246 1 
1 1432 1 
1 1369 1 
1 1282 1 
1 816 1 
1 1069 1 
1 612 1 
1 2148 1 
1 993 1 
1 1052 1 
1 197 1 
1 764 1 
1 2123 1 
1 1915 1 
1 1240 1 
1 1814 1 
1 1952 1 
1 683 1 
1 2281 1 
1 531 1 
1 266 1 
1 1179 1 
1 1677 1 
1 1911 1 
1 1037 1 
1 1384 1 
1 1342 1 
1 1169 1 
1 1466 1 
1 25 1 
1 552 1 
1 391 1 
1 632 1 
1 1837 1 
1 1227 1 
1 179 1 
1 1723 1 
1 1920 1 
1 2061 1 
1 869 1 
1 584 1 
1 969 1 
1 1520 1 
1 265 2 
1 1371 1 
1 1290 1 
1 701 1 
1 542 1 
1 907 1 
1 703 2 
1 678 1 
1 892 1 
1 1126 1 
1 1400 1 
1 2146 1 
1 2117 1 
1 2086 1 
1 2140 1 
1 922 1 
1 903 1 
1 1308 1 
1 1885 1 
1 1958 1 
1 372 1 
1 1862 1 
1 2221 1 
1 757 1 
1 682 1 
1 598 1 
1 305 1 
1 280 2 
1 1589 1 
1 1554 1 
1 2059 1 
1 76 1 
1 1085 1 
1 422 1 
1 1965 1 
1 2194 2 
1 564 1 
1 1451 1 
1 1625 1 
1 494 1 
1 1268 1 
1 13 1 
1 338 3 
1 1436 3 
1 725 4 
1 598 1 
1 624 1 
1 1415 1 
1 1439 1 
1 615 1 
1 1133 1 
1 1633 1 
1 733 1 
1 1836 1 
1 726 2 
1 1034 1 
1 1502 1 
1 1553 1 
1 1285 1 
1 800 1 
1 952 1 
1 1719 1 
1 1330 1 
1 811 1 
1 116 1 
1 904 2 
1 1999 3 
1 1455 1 
1 1422 1 
1 873 1 
1 409 1 
1 2248 1 
1 1038 1 
1 2200 1 
1 1544 1 
1 127 1 
1 1190 1 
1 598 1 
1 1006 1 
1 1966 1 
1 1427 1 
1 908 1 
1 907 1 
1 1163 1 
1 1280 1 
1 623 1 
1 2048 1 
1 627 1 
1 2283 1 
1 2239 1 
1 100 1 
1 2118 1 
1 744 1 
1 575 1 
1 221 2 
1 1044 2 
1 1441 1 
1 1113 2 
1 134 2 
1 798 1 
1 2252 1 
1 720 1 
1 136 1 
1 366 1 
1 1519 1 
1 1534 1 
1 55 1 
1 895 1 
1 1017 1 
1 346 1 
1 477 1 
1 1645 1 
1 641 1 
1 1643 1 
1 427 1 
1 1450 1 
1 1479 1 
1 784 1 
1 123 1 
1 665 1 
1 268 1 
1 15 1 
1 1890 1 
1 651 1 
1 716 1 
1 2041 1 
1 1503 1 
1 733 1 
1 655 1 
1 1057 1 
1 1019 2 
1 1138 1 
1 291 1 
1 1960 1 
1 48 1 
1 729 1 
1 871 1 
1 146 1 
1 429 1 
1 365 1 
1 1180 1 
1 2197 1 
1 2304 1 
1 1869 1 
1 983 1 
1 2300 1 
1 107 1 
1 1501 1 
1 1780 1 
1 2275 1 
1 985 1 
1 1225 1 
1 2194 1 
1 112 1 
1 218 1 
1 595 1 
1 947 1 
1 1146 2 
1 2142 1 
1 470 1 
1 1785 1 
1 435 1 
1 1471 2 
1 1540 20 
1 1970 1 
1 2025 1 
1 1722 1 
1 1649 2 
1 860 1 
1 1567 1 
1 97 1 
1 640 1 
1 1035 1 
1 1409 1 
1 822 1 
1 625 1 
1 148 1 
1 1485 1 
1 2070 1 
1 104 1 
1 2192 1 
1 1039 1 
1 2196 1 
1 1772 1 
1 1641 1 
1 2026 1 
1 1164 1 
1 352 1 
1 102 1 
1 689 1 
1 32 1 
1 1613 1 
1 816 1 
1 414 1 
1 345 1 
1 1483 1 
1 1960 1 
1 1904 1 
1 1935 1 
1 1491 1 
1 1506 1 
1 864 1 
1 919 1 
1 2111 1 
1 2159 1 
1 1512 1 
1 225 1 
1 1707 1 
1 1718 1 
1 1514 1 
1 399 3 
1 787 1 
1 1758 1 
1 1710 1 
1 698 1 
1 283 1 
1 1205 1 
1 1226 1 
1 839 1 
1 1747 1 
1 2285 1 
1 2194 1 
1 1395 1 
1 1727 1 
1 1340 1 
1 2126 1 
1 759 1 
1 1781 1 
1 1157 1 
1 2219 1 
1 476 2 
1 1772 1 
1 1597 1 
1 1448 1 
1 423 1 
1 1586 3 
1 2029 1 
1 558 1 
1 618 1 
1 1967 1 
1 20 1 
1 338 3 
1 893 1 
1 1093 3 
1 1568 1 
1 665 1 
1 746 1 
1 1373 1 
1 1418 1 
1 38 1 
1 1816 1 
1 1602 1 
1 228 2 
1 701 1 
1 1221 1 
1 1831 1 
1 1370 1 
1 1292 1 
1 1557 1 
1 1516 2 
1 119 1 
1 501 1 
1 1857 1 
1 1713 1 
1 60 2 
1 54 1 
1 710 1 
1 1747 2 
1 605 1 
1 770 1 
1 1770 1 
1 1893 1 
1 405 1 
1 120 1 
1 755 1 
1 590 2 
1 874 1 
1 301 1 
1 420 1 
1 1056 1 
1 1172 2 
1 2194 2 
1 701 1 
1 598 1 
1 1245 1 
1 963 1 
1 1018 1 
1 1800 1 
1 2180 1 
1 1445 1 
1 1426 1 
1 1114 1 
1 705 1 
1 1103 1 
1 1043 1 
1 2045 1 
1 2128 1 
1 2244 1 
1 978 1 
1 747 1 
1 2263 1 
1 274 1 
1 1697 2 
1 899 1 
1 730 1 
1 1221 1 
1 1670 1 
1 1306 1 
1 267 2 
1 1951 1 
1 2099 1 
1 1337 1 
1 1781 1 
1 1756 1 
1 1776 1 
1 862 1 
1 2248 1 
1 1353 1 
1 712 1 
1 241 1 
1 560 1 
1 1576 1 
1 522 1 
1 1811 1 
1 475 1 
1 834 1 
1 1932 1 
1 2194 1 
1 1030 1 
1 598 1 
1 1667 1 
1 1834 1 
1 1687 1 
1 1765 1 
1 296 1 
1 1902 1 
1 832 1 
1 1301 1 
1 948 1 
1 802 1 
1 1754 1 
1 320 1 
1 413 1 
1 1939 1 
1 780 2 
1 407 1 
1 2004 1 
1 1572 4 
1 1843 1 
1 586 1 
1 857 1 
1 976 1 
1 1396 1 
1 1005 1 
1 676 1 
1 584 1 
1 14 1 
1 1092 1 
1 693 2 
1 745 1 
1 2308 1 
1 1159 1 
1 1553 5 
1 2245 1 
1 2131 1 
1 598 1 
1 1868 2 
1 1865 2 
1 2194 1 
1 598 1 
1 1097 1 
1 489 2 
1 1116 2 
1 1761 1 
1 2139 1 
1 2085 1 
1 1527 1 
1 804 1 
1 1742 1 
1 1665 1 
1 138 1 
1 1578 1 
1 1394 1 
1 1741 2 
1 585 1 
1 2137 1 
1 1317 2 
1 803 1 
1 1233 1 
1 674 1 
1 1553 1 
1 1065 1 
1 1449 1 
1 1142 1 
1 25 1 
1 1658 2 
1 979 1 
1 2044 1 
1 1764 1 
1 1579 2 
1 1859 1 
1 595 1 
1 845 1 
1 1154 1 
1 2027 1 
1 1318 1 
1 1592 1 
1 379 1 
1 922 1 
1 45 1 
1 348 1 
1 1950 1 
1 1248 1 
1 374 2 
1 1604 2 
1 1822 1 
1 27 1 
1 1903 1 
1 2102 1 
1 67 1 
1 598 1 
1 396 1 
1 886 1 
1 999 1 
1 934 1 
1 400 1 
1 183 2 
1 1563 2 
1 2173 1 
1 1791 1 
1 417 1 
1 1688 1 
1 2103 1 
1 570 1 
1 172 1 
1 149 1 
1 937 1 
1 264 1 
1 1801 1 
1 673 1 
1 986 2 
1 1061 1 
1 2158 1 
1 318 1 
1 2068 1 
1 1817 1 
1 681 1 
1 598 1 
1 199 1 
1 1761 1 
1 688 1 
1 215 1 
1 913 1 
1 581 1 
1 2187 1 
1 428 1 
1 738 1 
1 1988 1 
1 814 1 
1 1311 2 
1 1235 1 
1 290 1 
1 2021 1 
1 1919 1 
1 162 1 
1 598 1 
1 252 1 
1 210 1 
1 811 1 
1 973 1 
1 599 1 
1 1106 1 
1 1165 1 
1 1003 1 
1 1221 1 
1 995 1 
1 1569 1 
1 621 1 
1 1583 1 
1 594 1 
1 1682 1 
1 1222 5 
1 1946 1 
1 1369 1 
1 2274 1 
1 355 1 
1 1040 1 
1 988 1 
1 2055 1 
1 1761 1 
1 566 2 
1 654 1 
1 1206 1 
1 2194 1 
1 2194 1 
1 1640 1 
1 167 1 
1 389 1 
1 1226 1 
1 1916 1 
1 591 1 
1 2119 1 
1 2194 1 
1 2249 2 
1 1428 1 
1 412 1 
1 677 1 
1 2270 1 
1 65 1 
1 2206 1 
1 889 1 
1 833 1 
1 597 1 
1 1838 1 
1 2236 1 
1 1850 1 
1 177 1 
1 64 1 
1 946 1 
1 878 1 
1 1959 1 
1 278 1 
1 507 1 
1 428 1 
1 645 1 
1 1666 1 
1 701 1 
1 2134 1 
1 1803 1 
1 1617 1 
1 1810 1 
1 1231 1 
1 1238 1 
1 931 1 
1 2052 1 
1 1107 1 
1 2241 1 
1 1732 1 
1 137 3 
1 741 1 
1 446 2 
1 41 1 
1 1408 1 
1 756 3 
1 2072 1 
1 940 2 
1 722 1 
1 699 1 
1 2261 1 
1 28 1 
1 1510 1 
1 5 1 
1 1275 1 
1 1944 1 
1 235 2 
1 2028 1 
1 293 1 
1 1110 1 
1 652 1 
1 282 1 
1 1229 1 
1 1036 1 
1 442 1 
1 910 1 
1 1256 1 
1 450 1 
1 81 1 
1 598 1 
1 421 1 
1 648 2 
1 694 1 
1 701 1 
1 135 1 
1 861 1 
1 687 1 
1 1929 1 
1 1884 1 
1 1704 3 
1 1960 2 
1 1226 1 
1 1840 1 
1 1375 1 
1 38 1 
1 1274 1 
1 1842 1 
1 497 1 
1 232 1 
1 1434 1 
1 925 1 
1 181 1 
1 567 1 
1 1947 1 
1 254 1 
1 116 1 
1 2036 1 
1 73 1 
1 751 1 
1 2227 2 
1 1359 1 
1 896 1 
1 1741 1 
1 521 1 
1 1802 1 
1 270 1 
1 816 1 
1 533 4 
1 2012 1 
1 56 1 
1 2176 1 
1 2212 1 
1 393 1 
1 2010 1 
1 1520 1 
1 1729 1 
1 2228 1 
1 2060 1 
1 1659 1 
1 577 1 
1 465 1 
1 1276 1 
1 1854 1 
1 1105 1 
1 1835 1 
1 317 1 
1 1970 1 
1 441 1 
1 703 2 
1 554 2 
1 426 2 
1 164 1 
1 1825 1 
1 1703 1 
1 1346 2 
1 526 1 
1 954 1 
1 166 1 
1 1457 1 
1 657 1 
1 2253 1 
1 1616 1 
1 598 1 
1 719 1 
1 598 1 
1 2016 1 
1 1661 1 
1 1323 1 
1 2132 1 
1 877 1 
1 701 1 
1 1726 1 
1 1792 2 
1 2194 1 
1 2240 1 
1 1957 1 
1 644 1 
1 255 1 
1 86 1 
1 1955 1 
1 1367 1 
1 1739 1 
1 440 1 
1 1464 3 
1 1013 1 
1 2228 1 
1 1897 1 
1 565 2 
1 2002 1 
1 1559 1 
1 354 1 
1 2299 1 
1 1066 1 
1 2068 1 
1 1261 1 
1 1175 1 
1 37 1 
1 1841 1 
1 1994 1 
1 2199 1 
1 1298 1 
1 620 2 
1 665 1 
1 1566 2 
1 496 1 
1 236 2 
1 2307 1 
1 2294 1 
1 1606 1 
1 684 1 
1 1991 1 
1 1663 1 
1 1118 1 
1 458 1 
1 209 1 
1 1385 1 
1 1458 1 
1 1027 1 
1 997 1 
1 1963 1 
1 1495 2 
1 377 1 
1 1161 2 
1 1149 1 
1 2194 1 
1 709 1 
1 1721 1 
1 273 1 
1 1563 1 
1 1922 1 
1 653 1 
1 1634 1 
1 538 1 
1 242 1 
1 1356 1 
1 2011 1 
1 2217 1 
1 795 1 
1 700 1 
1 1860 1 
1 1910 1 
1 1651 1 
1 1493 1 
1 276 1 
1 1029 1 
1 2068 1 
1 617 1 
1 1344 1 
1 1284 2 
1 1232 1 
1 994 1 
1 1920 1 
1 341 1 
1 2278 1 
1 1071 1 
1 930 1 
1 1468 1 
1 668 1 
1 831 1 
1 642 1 
1 2043 1 
1 1936 1 
1 1894 1 
1 356 1 
1 894 1 
1 2306 1 
1 1648 1 
1 1861 1 
1 113 1 
1 231 1 
1 2190 1 
1 2184 1 
1 271 1 
1 1530 1 
1 438 1 
1 1702 1 
1 191 1 
1 1063 1 
1 1329 1 
1 1662 1 
1 2255 1 
1 2151 1 
1 1761 1 
1 493 1 
1 1700 1 
1 586 1 
1 965 2 
1 1234 1 
1 2005 1 
1 1985 1 
1 1986 1 
1 1429 1 
1 1942 1 
1 1954 1 
1 1620 2 
1 1383 1 
1 1767 1 
1 2222 1 
1 1088 1 
1 1960 1 
1 936 1 
1 2163 2 
1 2145 1 
1 139 1 
1 2194 1 
1 1738 1 
1 1607 1 
1 810 1 
1 2296 1 
1 1089 1 
1 2258 1 
1 1191 1 
1 902 1 
1 2087 1 
1 796 1 
1 672 1 
1 1487 2 
1 10 1 
1 1067 1 
1 826 1 
1 1818 1 
1 1049 1 
1 478 1 
1 735 1 
1 883 1 
1 876 1 
1 181 1 
1 1492 1 
1 1563 1 
1 1665 1 
1 299 1 
1 503 1 
1 1621 1 
1 1995 2 
1 181 1 
1 1635 1 
1 94 2 
1 598 1 
1 2279 1 
1 1438 1 
1 1164 1 
1 692 3 
1 2174 1 
1 1584 1 
1 1160 1 
1 611 1 
1 30 1 
1 596 1 
1 7 2 
1 887 1 
1 175 1 
1 2151 1 
1 1745 1 
1 2213 2 
1 586 1 
1 561 6 
1 2143 1 
1 1349 1 
1 1351 1 
1 2007 1 
1 2194 1 
1 1494 1 
1 1815 1 
1 2271 1 
1 598 1 
1 872 1 
1 1799 1 
1 1032 1 
1 111 1 
1 1524 1 
1 2042 1 
1 836 1 
1 1681 1 
1 1755 1 
1 926 1 
1 1598 1 
1 374 1 
1 820 1 
1 2065 1 
1 386 1 
1 42 1 
1 131 1 
1 33 1 
1 1777 1 
1 906 1 
1 515 4 
1 1085 1 
1 1761 1 
1 1363 1 
1 1699 1 
1 578 1 
1 1002 1 
1 2100 1 
1 825 1 
1 773 1 
1 2071 1 
1 563 1 
1 1255 1 
1 358 1 
1 2226 1 
1 469 5 
1 2168 1 
1 1372 1 
1 844 1 
1 772 3 
1 2186 1 
1 1914 1 
1 2194 1 
1 260 1 
1 1525 1 
1 672 1 
1 1241 1 
1 2097 1 
1 2194 1 
1 2054 1 
1 816 1 
1 728 1 
1 1918 1 
1 2075 1 
1 543 1 
1 777 1 
1 2097 1 
1 220 4 
1 1967 2 
1 1137 1 
1 1271 1 
1 2218 1 
1 962 1 
1 750 1 
1 1913 1 
1 992 1 
1 2172 1 
1 2194 1 
1 1990 1 
1 220 1 
1 2082 1 
1 1691 1 
1 1636 1 
1 2033 1 
1 367 1 
1 1313 1 
1 1751 1 
1 549 1 
1 1960 1 
1 1058 1 
1 960 1 
1 88 1 
1 1183 1 
1 2079 1 
1 434 1 
1 1595 1 
1 1305 1 
1 1730 1 
1 2260 1 
1 1227 1 
1 1203 2 
1 430 3 
1 1561 1 
1 1907 1 
1 1014 1 
1 44 1 
1 723 1 
1 1325 1 
1 1411 1 
1 401 1 
1 1717 1 
1 2041 1 
1 598 1 
1 2124 1 
1 1288 1 
1 1296 1 
1 1424 1 
1 2179 1 
1 2029 1 
1 307 1 
1 2049 1 
1 732 1 
1 380 1 
1 329 1 
1 811 1 
1 2233 1 
1 1477 1 
1 351 1 
1 51 1 
1 854 1 
1 2115 1 
1 2108 1 
1 410 1 
1 22 1 
1 1806 1 
1 840 1 
1 924 2 
1 382 1 
1 2194 1 
1 1022 1 
1 378 1 
1 405 1 
1 782 1 
1 967 1 
1 628 1 
1 1551 1 
1 2254 1 
1 371 1 
1 284 1 
1 686 1 
1 1750 1 
1 130 1 
1 1327 1 
1 672 1 
1 1998 1 
1 2194 1 
1 1563 1 
1 363 1 
1 2194 1 
1 2209 1 
1 672 1 
1 3 1 
1 2101 1 
1 1612 1 
1 1366 1 
1 326 1 
1 1563 1 
1 701 1 
1 544 1 
1 1141 1 
1 4 1 
1 247 1 
1 788 1 
1 2210 1 
1 1127 1 
1 11 1 
1 944 1 
1 2286 1 
1 598 1 
1 1563 1 
1 1075 1 
1 1685 1 
1 350 1 
1 1632 1 
1 1552 1 
1 1960 1 
1 2092 1 
1 1529 1 
1 53 1 
1 1303 1 
1 390 1 
1 1735 1 
1 50 1 
1 1609 2 
1 511 1 
1 2127 1 
1 1610 4 
1 124 3 
1 1386 1 
1 1167 1 
1 845 1 
1 91 1 
1 2147 1 
1 1844 2 
1 416 1 
1 898 2 
1 1626 1 
1 927 1 
1 1807 1 
1 1978 1 
1 1026 1 
1 767 1 
1 2037 1 
1 2067 1 
1 1060 1 
1 1388 1 
1 622 1 
1 1686 1 
1 1774 1 
1 483 1 
1 816 1 
1 224 1 
1 2243 1 
1 1414 1 
1 875 1 
1 184 1 
1 586 1 
1 1134 1 
1 1465 1 
1 1945 1 
1 557 1 
1 208 1 
1 1078 1 
1 59 1 
1 753 1 
1 1095 1 
1 1594 1 
1 2226 1 
1 2010 1 
1 1392 1 
1 1608 1 
1 1410 1 
1 1590 1 
1 339 2 
1 1789 1 
1 1585 1 
1 1402 1 
1 1104 1 
1 1209 1 
1 1942 1 
1 631 1 
1 2202 1 
1 1486 1 
1 1476 1 
1 2292 1 
1 285 1 
1 269 1 
1 1678 1 
1 865 1 
1 1460 1 
1 1341 2 
1 1192 1 
1 89 1 
1 701 1 
1 1076 2 
1 2214 1 
1 1992 1 
1 432 1 
1 1960 1 
1 551 1 
1 1928 1 
1 2090 1 
1 1369 1 
1 546 1 
1 2135 2 
1 2095 1 
1 133 4 
1 428 1 
1 1266 1 
1 504 1 
1 696 1 
1 240 1 
1 775 1 
1 1793 1 
1 630 1 
1 1778 1 
1 533 1 
1 2301 2 
1 1111 1 
1 1706 1 
1 151 1 
1 1481 1 
1 153 1 
1 1983 1 
1 294 1 
1 1896 1 
1 1704 1 
1 248 1 
1 718 1 
1 1538 1 
1 1639 1 
1 1646 1 
1 933 1 
1 1876 1 
1 1354 1 
1 1720 1 
1 1832 1 
1 987 1 
1 1335 3 
1 519 2 
1 1216 1 
1 1956 1 
1 492 1 
1 1189 1 
1 1148 1 
1 2029 1 
1 1353 1 
1 2254 1 
1 1263 1 
1 467 1 
1 1398 1 
1 2096 1 
1 1265 1 
1 1660 1 
1 598 1 
1 2156 1 
1 743 1 
1 1144 1 
1 1773 1 
1 2019 1 
1 2098 1 
1 550 1 
1 1152 1 
1 327 1 
1 1555 1 
1 118 1 
1 812 1 
1 1781 1 
1 1523 1 
1 1949 1 
1 724 1 
1 2073 1 
1 1734 1 
1 1339 1 
1 1440 1 
1 1128 2 
1 637 1 
1 801 1 
1 2088 1 
1 200 1 
1 759 1 
1 616 1 
1 203 1 
1 1701 1 
1 1309 1 
1 961 1 
1 52 1 
1 245 2 
1 884 1 
1 1960 1 
1 1923 3 
1 1708 1 
1 1740 1 
1 1181 1 
1 537 1 
1 811 1 
1 173 1 
1 1813 1 
1 587 1 
1 1064 1 
1 2162 1 
1 1250 1 
1 1912 1 
1 344 1 
1 1715 1 
1 1125 1 
1 799 1 
1 480 1 
1 207 1 
1 1298 1 
1 384 3 
1 2069 2 
1 1298 1 
1 1454 1 
1 593 1 
1 261 1 
1 2148 1 
1 1320 1 
1 2040 1 
1 1637 1 
1 669 1 
1 82 1 
1 1564 1 
1 445 1 
1 697 2 
1 761 1 
1 2104 1 
1 1310 1 
1 1185 1 
1 1397 1 
1 2157 1 
1 57 1 
1 116 1 
1 1278 1 
1 1960 1 
1 1733 1 
1 2094 1 
1 754 1 
1 1669 2 
24 71 2 133 24 216 2 365 2 405 1 551 6 598 2 727 4 906 6 979 9 1069 2 1263 7 1286 2 1287 1 1293 16 1427 1 1563 2 1704 5 1719 2 1812 25 1904 1 1936 10 2122 1 2179 4 
6 437 1 601 6 909 1 976 1 1058 2 1386 3 
98 55 1 79 1 95 1 108 1 133 2 154 1 211 1 222 2 248 1 257 1 265 1 305 1 322 1 346 36 387 9 425 1 458 1 466 1 467 1 472 7 473 1 505 1 508 1 523 1 536 1 605 1 647 2 697 2 702 2 726 5 766 7 771 1 831 3 836 1 837 1 853 1 878 1 901 1 941 2 951 1 1014 1 1017 1 1022 1 1027 1 1083 3 1099 2 1113 1 1159 1 1167 1 1185 1 1187 3 1254 1 1286 1 1299 1 1312 1 1328 1 1352 1 1375 1 1387 1 1417 1 1429 3 1480 1 1481 1 1493 1 1538 1 1563 1 1606 1 1677 1 1678 1 1709 1 1736 1 1750 1 1781 1 1786 1 1808 1 1872 1 1905 1 1910 1 1996 1 2029 2 2039 6 2040 4 2043 1 2057 1 2071 1 2074 5 2101 1 2111 1 2112 3 2119 1 2135 1 2143 1 2164 1 2182 1 2237 1 2259 1 2270 1 2294 2 
99 12 1 24 1 76 3 110 1 145 1 170 1 204 6 216 1 218 2 248 1 266 1 312 2 313 1 378 2 387 20 404 5 427 1 446 1 452 1 483 1 489 1 523 3 566 2 647 3 666 1 680 1 682 2 689 1 705 1 713 4 770 2 779 1 787 2 796 1 803 1 809 1 820 1 855 3 899 2 911 1 929 9 950 1 969 1 1006 1 1010 3 1072 1 1085 1 1098 2 1102 1 1110 4 1187 1 1211 1 1216 1 1220 1 1275 1 1352 4 1357 1 1391 1 1410 5 1411 17 1417 2 1473 1 1487 1 1492 1 1507 4 1509 1 1514 1 1519 1 1563 1 1574 1 1591 2 1597 1 1609 1 1638 1 1648 11 1669 1 1692 1 1750 9 1770 1 1772 1 1801 1 1823 1 1876 3 1896 1 1905 3 1909 1 1941 1 1975 1 1987 3 1994 1 2016 2 2028 1 2040 3 2056 1 2066 2 2137 1 2216 5 2256 2 2287 1 
1 623 5 
43 4 1 7 1 91 1 103 3 268 2 299 1 346 13 376 1 416 3 475 1 515 3 590 1 639 1 698 1 754 1 773 2 878 5 978 4 988 1 1039 1 1082 1 1094 1 1170 1 1201 1 1250 3 1352 12 1372 1 1389 4 1430 1 1494 1 1575 2 1628 1 1631 1 1699 1 1823 2 1840 1 1923 1 2034 1 2054 1 2102 1 2112 2 2138 2 2215 1 
19 99 5 133 8 320 4 404 2 405 1 600 14 610 1 693 13 775 3 836 1 1098 1 1352 11 1563 6 1635 1 1775 1 1868 1 2103 3 2113 2 2166 1 
114 7 1 16 1 91 3 103 1 113 1 123 2 136 1 138 2 159 1 166 1 188 1 189 1 211 1 253 1 257 1 295 2 367 1 378 1 387 1 389 1 434 1 435 1 442 1 444 2 456 2 474 3 516 1 529 1 538 1 585 1 614 1 647 1 689 1 690 1 726 16 733 1 761 6 773 1 820 1 831 3 853 1 854 1 870 2 880 1 906 2 931 1 936 1 938 1 942 4 949 3 994 1 995 5 1046 1 1071 9 1074 2 1085 1 1097 1 1163 1 1187 3 1216 2 1222 8 1255 4 1341 2 1394 1 1425 1 1439 1 1447 1 1484 1 1526 5 1558 1 1559 1 1561 1 1563 1 1567 1 1591 6 1608 1 1644 1 1645 1 1683 1 1707 4 1715 1 1719 1 1736 1 1738 20 1781 5 1797 3 1822 1 1826 1 1828 2 1876 1 1908 1 1927 1 1929 1 1934 1 1967 13 1982 2 2027 1 2028 9 2034 1 2052 1 2056 1 2061 1 2074 1 2075 1 2097 1 2111 1 2112 1 2179 1 2226 1 2227 1 2230 1 2256 1 2280 1 2294 3 
111 7 3 9 1 26 1 28 8 61 1 99 3 102 1 184 1 186 1 216 1 219 1 222 1 236 1 242 1 272 9 284 1 405 1 456 14 487 1 489 1 517 1 521 1 530 3 531 2 541 1 544 1 583 1 614 1 627 3 682 2 683 2 692 1 713 4 718 1 745 1 766 48 803 1 814 1 818 1 825 1 826 48 888 1 889 3 948 4 986 1 1019 34 1102 1 1106 2 1108 4 1111 1 1113 4 1184 1 1187 1 1198 1 1222 2 1226 2 1228 2 1233 1 1318 2 1341 4 1344 16 1352 2 1384 1 1417 1 1429 1 1487 2 1499 1 1563 2 1580 1 1653 3 1674 1 1719 2 1722 1 1738 2 1757 1 1775 1 1781 6 1797 1 1828 1 1830 1 1864 1 1876 1 1908 1 1910 1 1917 1 1919 2 1929 2 1933 1 1939 1 1940 2 1947 1 1952 1 1954 1 1965 7 1977 1 2013 1 2026 1 2040 2 2084 2 2098 2 2112 2 2115 1 2116 2 2153 2 2172 1 2186 1 2226 1 2246 1 2256 3 2294 6 2306 1 
103 7 2 14 1 36 2 58 1 85 1 103 1 110 1 139 1 151 3 171 4 204 42 214 2 225 1 233 2 235 5 288 3 328 1 341 1 346 4 356 1 409 3 458 1 469 4 522 1 563 1 565 9 574 2 582 13 629 2 656 1 663 2 668 1 677 1 698 1 700 1 721 1 728 2 738 1 754 6 774 1 777 1 836 1 892 2 950 1 962 3 981 1 998 1 1031 1 1032 1 1036 2 1048 1 1061 1 1076 1 1084 2 1110 3 1352 18 1369 1 1371 1 1376 1 1384 1 1398 1 1410 1 1476 1 1497 1 1527 1 1533 1 1535 2 1558 6 1563 1 1597 1 1634 1 1636 1 1708 1 1709 1 1738 8 1744 1 1750 4 1754 1 1788 9 1820 1 1822 4 1846 3 1850 1 1858 2 1863 1 1900 1 1905 4 1971 1 1976 1 1994 1 2001 1 2074 2 2084 1 2129 1 2136 1 2147 1 2186 1 2188 1 2233 1 2239 1 2256 2 2271 1 2297 1 
12 428 2 476 2 595 2 624 3 737 1 1089 1 1096 1 1646 1 1662 3 1741 4 1800 5 2078 1 
43 11 1 18 1 89 1 115 1 296 1 297 1 435 2 539 1 540 1 604 1 630 1 637 1 647 1 869 6 872 4 905 1 933 1 971 3 1084 4 1130 1 1164 63 1195 1 1272 1 1316 1 1334 1 1382 2 1414 1 1555 1 1577 4 1649 2 1785 1 1790 1 1792 1 1807 1 1861 15 1988 7 1991 1 2005 1 2058 18 2146 2 2234 1 2275 1 2286 1 
43 28 6 76 1 91 7 216 2 235 1 255 4 320 7 336 1 348 1 387 7 405 2 455 3 457 5 488 1 535 4 638 2 682 12 692 14 809 3 846 2 922 3 1027 2 1076 6 1187 1 1196 5 1198 8 1208 3 1299 6 1337 2 1514 2 1563 2 1708 1 1719 3 1725 4 1781 8 1905 2 1965 4 1994 44 2040 4 2091 1 2116 2 2198 4 2218 16 
117 27 1 34 2 48 12 50 1 67 3 69 1 76 3 91 1 99 1 110 10 124 1 130 1 151 2 160 1 204 2 218 2 242 1 253 1 262 2 268 1 286 2 325 2 342 2 386 1 397 1 407 1 423 1 461 2 519 2 523 1 612 2 634 1 639 2 640 1 662 2 713 5 715 1 766 6 827 1 831 8 841 1 848 1 853 1 858 1 866 1 872 28 878 1 895 2 897 1 915 1 931 1 939 1 953 1 959 1 960 2 986 1 991 1 1028 1 1046 5 1049 5 1053 1 1085 1 1086 1 1147 4 1156 1 1182 1 1188 1 1195 1 1259 1 1305 5 1341 4 1343 1 1368 8 1388 2 1401 1 1417 1 1425 4 1485 3 1503 3 1519 3 1538 1 1544 1 1563 2 1607 3 1609 1 1657 1 1665 16 1667 2 1694 1 1717 4 1719 2 1738 9 1742 1 1757 1 1780 1 1781 1 1788 3 1795 1 1814 1 1818 1 1827 1 1861 1 1876 1 1940 1 1941 1 2029 3 2074 3 2080 1 2114 1 2202 1 2211 1 2222 4 2227 1 2256 1 2266 1 2298 1 2303 1 
92 7 1 17 1 21 1 28 14 55 2 104 1 110 1 136 1 158 3 208 4 255 5 322 2 346 1 349 1 435 9 440 7 466 1 472 1 483 2 484 1 487 5 495 1 516 1 535 1 539 1 548 1 552 1 597 1 619 1 625 1 632 1 636 1 649 1 666 2 690 3 712 1 881 1 883 1 898 1 903 1 906 1 948 5 1019 2 1049 4 1056 6 1070 1 1164 4 1187 3 1196 10 1216 1 1226 1 1295 1 1301 1 1316 4 1337 3 1341 5 1369 2 1380 2 1382 2 1443 1 1563 1 1591 2 1616 1 1642 2 1708 1 1714 1 1719 1 1726 1 1747 4 1750 2 1781 3 1883 1 1886 1 1929 1 1930 1 1994 8 2029 9 2040 1 2041 1 2112 3 2116 3 2141 1 2188 4 2203 2 2206 1 2216 3 2256 1 2260 1 2272 1 2280 1 2291 1 2302 1 
7 287 2 873 8 1018 1 1187 2 1563 6 1662 3 1913 11 
94 99 3 126 1 135 1 170 1 197 2 219 1 223 1 312 1 317 1 338 19 368 1 372 1 411 1 416 5 430 3 470 1 494 2 499 1 523 3 535 1 585 1 608 1 657 1 673 1 766 18 815 1 857 1 880 1 892 2 928 1 1011 1 1025 1 1067 2 1068 1 1070 1 1123 1 1137 4 1162 2 1184 1 1197 2 1198 1 1209 1 1216 4 1228 1 1283 1 1340 1 1378 1 1382 4 1383 1 1384 3 1394 1 1401 1 1464 3 1479 1 1493 5 1516 2 1532 1 1534 1 1558 2 1563 2 1566 1 1583 3 1597 1 1679 1 1719 1 1750 1 1767 1 1774 1 1788 2 1827 1 1837 1 1840 1 1842 1 1850 4 1857 1 1863 2 1905 1 1930 2 1978 1 1994 5 2006 1 2007 1 2018 2 2020 1 2051 1 2066 1 2088 1 2107 3 2109 1 2126 1 2158 1 2161 1 2251 1 2252 1 
13 202 1 249 8 314 1 426 2 428 18 476 1 610 6 1105 1 1502 1 1563 13 1668 1 1733 6 1811 1 
35 170 2 214 1 261 1 265 1 269 1 333 1 337 1 382 1 447 5 547 1 639 1 765 1 862 1 877 1 879 1 904 2 1187 3 1252 2 1257 1 1324 1 1326 1 1352 5 1369 10 1500 2 1629 1 1648 16 1770 3 1786 2 2040 1 2116 1 2135 1 2184 1 2212 1 2245 1 2302 1 
24 7 3 47 1 51 1 67 2 91 3 99 6 103 3 459 1 535 2 584 12 610 3 692 2 744 1 802 2 868 3 878 15 1076 6 1344 27 1352 36 1592 1 1704 13 1985 2 1994 13 2040 3 
95 7 1 22 1 27 1 28 5 50 1 51 2 88 1 93 1 104 1 113 2 235 2 240 1 248 1 285 2 298 2 309 2 310 1 323 1 326 1 399 1 416 1 472 2 516 3 534 4 541 1 590 4 682 1 689 3 697 6 711 1 746 1 766 19 809 1 824 1 826 4 831 2 878 2 911 1 931 1 955 1 978 12 1013 2 1028 1 1046 2 1049 8 1081 1 1083 4 1147 5 1158 1 1187 4 1191 1 1197 1 1206 3 1222 6 1226 4 1230 2 1233 1 1280 2 1337 2 1341 1 1352 1 1468 1 1480 1 1499 3 1514 1 1563 2 1610 1 1702 2 1719 1 1738 4 1757 1 1781 4 1797 1 1800 2 1832 1 1850 1 1907 1 1981 1 2015 1 2022 1 2040 3 2045 1 2091 1 2109 1 2112 1 2153 1 2157 1 2170 1 2174 2 2203 2 2216 1 2248 2 2280 1 2293 1 2296 1 
110 9 1 43 1 51 3 61 1 66 2 67 1 70 2 112 1 122 1 133 3 151 1 173 2 232 1 233 1 237 1 242 2 261 1 279 1 335 1 346 2 347 1 348 20 355 1 387 6 405 1 408 1 436 1 453 1 472 1 533 8 597 1 672 3 695 2 713 1 762 2 766 13 803 1 809 1 813 1 818 1 819 1 826 3 864 2 939 2 948 6 987 1 994 1 1054 1 1071 3 1113 4 1117 1 1130 1 1179 1 1198 1 1202 1 1203 1 1214 1 1216 1 1218 1 1240 1 1253 1 1287 1 1352 2 1359 1 1366 1 1373 1 1390 1 1417 2 1433 2 1467 1 1516 5 1529 2 1549 1 1550 1 1552 1 1563 1 1577 4 1640 1 1671 2 1691 1 1701 1 1720 1 1753 1 1789 1 1812 8 1843 1 1890 1 1905 3 1947 1 1957 1 1994 6 2043 4 2045 1 2055 4 2056 1 2104 1 2112 3 2114 1 2116 3 2122 1 2128 1 2136 1 2172 3 2210 1 2223 2 2239 1 2251 1 2256 3 2285 1 2288 3 
55 20 22 98 1 114 4 162 3 181 20 227 2 304 12 321 4 363 1 370 1 486 3 492 8 542 2 586 1 609 1 617 1 753 2 766 2 778 1 784 5 818 2 826 1 829 1 1171 3 1217 25 1261 2 1278 4 1341 2 1364 1 1404 3 1420 1 1437 6 1460 4 1569 1 1593 2 1599 26 1600 10 1605 1 1621 1 1687 8 1711 2 1739 3 1802 9 1884 3 1921 1 1926 1 1970 1 1984 24 2037 15 2068 14 2162 5 2169 1 2173 1 2236 1 2257 2 
3 25 22 1150 4 1902 2 
93 7 6 17 8 30 2 38 7 79 1 124 5 133 1 135 1 152 1 164 3 219 2 255 1 294 1 383 1 405 2 410 2 435 9 458 1 494 1 513 4 515 9 559 1 642 1 672 3 696 1 713 1 741 1 744 1 745 1 750 1 756 1 759 1 781 1 809 1 826 5 884 1 943 1 956 7 962 1 973 1 1043 3 1046 2 1051 1 1123 2 1133 1 1134 1 1187 3 1196 3 1251 3 1262 1 1316 3 1335 1 1337 9 1352 3 1365 1 1370 1 1381 2 1415 1 1441 1 1458 1 1466 1 1474 1 1487 1 1563 1 1576 1 1676 1 1678 1 1697 1 1745 1 1750 8 1779 1 1812 24 1821 1 1862 1 1909 1 1914 2 1953 1 1958 1 1963 1 1998 1 2029 5 2040 2 2055 4 2071 1 2074 2 2088 2 2108 1 2143 1 2161 1 2163 3 2179 1 2234 1 2254 2 
12 682 1 842 1 1029 4 1286 3 1424 1 1427 1 1511 1 1619 4 1845 2 1901 6 2040 4 2262 1 
49 3 1 7 4 23 1 29 1 42 1 74 2 103 4 104 1 244 1 251 1 272 19 286 1 327 2 463 1 545 1 601 4 603 1 620 6 680 1 705 3 752 1 894 6 927 2 994 20 1047 1 1100 1 1115 1 1142 1 1173 1 1187 3 1291 1 1299 13 1341 1 1352 1 1461 3 1718 1 1760 1 1795 1 1803 1 1909 2 1958 1 1989 4 2033 1 2060 1 2182 1 2195 1 2219 1 2231 1 2297 1 
6 610 1 908 1 1098 2 1778 1 1901 1 2011 1 
44 7 7 67 3 91 2 99 5 103 2 104 2 216 2 235 4 248 1 365 6 405 1 424 1 515 3 562 14 702 2 802 1 834 6 906 1 994 60 1027 2 1030 3 1161 40 1187 2 1196 20 1216 3 1221 37 1330 4 1388 1 1427 4 1487 4 1558 6 1665 67 1705 4 1719 2 1738 58 1868 1 1960 46 2022 2 2040 6 2083 5 2092 1 2117 1 2218 9 2248 2 
96 7 6 8 2 28 7 36 3 41 1 46 2 103 2 139 1 168 1 171 4 189 2 211 3 235 1 248 1 279 1 324 1 378 2 387 8 414 1 454 1 502 1 523 1 553 1 555 1 566 4 588 3 597 2 616 1 679 1 702 1 703 5 733 4 748 2 760 1 791 1 802 1 809 2 940 1 943 1 959 1 964 1 994 2 1005 5 1013 1 1108 1 1131 5 1149 1 1187 1 1203 1 1307 2 1332 1 1341 3 1369 6 1405 1 1425 1 1454 1 1465 1 1487 3 1516 1 1589 1 1590 3 1606 1 1609 1 1682 1 1712 2 1719 1 1735 1 1757 3 1769 1 1781 4 1797 2 1827 1 1893 3 1905 4 1910 1 1916 9 1920 1 1931 1 2043 1 2056 1 2066 1 2077 8 2085 1 2088 3 2107 2 2112 3 2122 1 2123 1 2138 2 2188 1 2223 1 2224 1 2245 1 2248 1 2256 1 2278 1 
101 29 1 51 2 56 1 60 3 61 2 103 3 110 3 216 1 266 2 271 2 281 1 295 1 361 1 378 2 391 1 412 1 444 3 452 1 464 4 506 3 520 1 524 1 536 1 577 1 590 2 605 3 666 1 671 3 674 1 687 1 695 2 788 1 809 2 850 1 861 1 882 1 889 4 906 1 943 1 1024 1 1056 3 1071 1 1085 2 1099 1 1176 6 1184 1 1216 1 1229 1 1243 2 1268 2 1286 1 1301 2 1327 3 1344 17 1351 1 1374 1 1380 1 1394 3 1452 1 1563 1 1591 8 1603 1 1608 7 1628 1 1673 2 1688 1 1693 1 1701 1 1707 4 1719 2 1722 1 1727 3 1750 1 1830 1 1855 2 1878 2 1889 1 1910 1 1928 1 1948 1 1982 1 1985 1 1999 1 2017 1 2028 1 2039 11 2066 6 2070 1 2088 2 2109 1 2112 2 2116 1 2186 6 2201 1 2216 1 2222 2 2235 1 2248 1 2256 1 2294 3 2300 1 
58 84 7 98 1 101 2 162 1 176 1 203 9 234 2 267 1 351 1 375 1 441 1 486 6 492 1 494 1 498 4 526 1 537 1 542 1 586 15 606 2 609 1 628 2 751 1 753 3 778 1 798 1 816 5 823 2 829 2 840 1 945 105 946 20 1002 1 1124 1 1171 3 1217 1 1273 2 1304 1 1348 1 1419 1 1445 1 1460 2 1548 17 1599 25 1600 8 1637 1 1670 7 1687 14 1793 1 1835 1 1935 1 1970 1 2036 4 2059 1 2082 1 2169 9 2191 2 2204 1 
6 1098 16 1148 3 1619 4 1716 1 1955 1 2262 2 
112 7 3 10 1 24 1 26 1 39 1 103 3 110 23 117 1 124 4 133 9 136 2 139 1 158 1 170 1 216 1 235 2 248 1 283 1 301 4 310 1 329 1 336 1 341 1 387 7 421 1 446 1 474 2 495 2 541 1 549 1 554 1 558 1 588 1 590 2 604 2 611 1 672 3 708 1 720 1 728 2 736 2 795 6 815 10 844 2 878 1 890 1 896 1 917 1 967 9 978 2 980 6 990 1 994 16 1037 1 1040 1 1073 1 1084 1 1196 1 1198 4 1224 1 1231 1 1277 1 1295 1 1352 2 1360 1 1361 1 1403 1 1471 1 1488 2 1491 1 1493 7 1512 1 1519 1 1576 4 1577 1 1579 1 1582 1 1585 4 1634 1 1665 5 1702 8 1703 1 1736 3 1738 20 1750 1 1762 2 1770 1 1788 7 1891 1 1895 4 1905 5 1929 1 1943 1 1994 2 1997 1 2018 1 2029 7 2062 1 2081 1 2106 1 2112 2 2133 1 2157 2 2161 1 2188 3 2190 1 2195 4 2211 1 2217 1 2229 1 2238 1 2256 1 
8 405 1 426 3 1563 81 1904 1 2008 2 2030 1 2091 1 2166 8 
17 52 6 90 2 178 2 274 1 358 2 364 1 401 3 460 4 664 2 912 3 1033 1 1232 1 1270 1 1354 1 2121 1 2144 1 2194 18 
12 220 2 535 1 874 17 1184 7 1194 10 1563 5 1646 1 1656 2 1662 1 1683 2 2118 1 2244 4 
126 7 6 53 1 55 1 82 5 91 1 96 1 119 1 133 1 168 1 226 1 235 1 283 1 306 1 348 18 365 1 387 17 404 3 425 7 456 1 485 1 515 1 550 2 626 1 627 10 690 7 692 7 702 1 703 8 740 1 744 1 763 1 794 1 817 1 906 1 916 1 944 1 958 2 972 2 985 2 1012 1 1021 1 1028 2 1039 2 1046 2 1063 1 1079 1 1085 1 1087 1 1104 1 1118 1 1127 2 1131 3 1146 1 1173 1 1186 1 1187 3 1189 5 1198 1 1199 1 1203 1 1205 1 1222 2 1241 1 1242 1 1256 1 1264 16 1271 1 1277 1 1286 1 1289 1 1308 1 1389 1 1390 1 1417 4 1425 2 1482 4 1486 1 1498 1 1519 1 1551 1 1562 1 1563 1 1567 1 1572 29 1590 2 1632 1 1639 1 1683 1 1704 1 1708 1 1719 1 1743 1 1750 1 1773 1 1781 10 1782 1 1809 1 1816 1 1850 1 1855 1 1871 1 1911 6 1920 1 1923 1 1971 3 1994 8 2016 2 2024 6 2025 1 2029 2 2069 2 2074 1 2080 1 2086 1 2088 1 2112 2 2122 1 2138 1 2152 4 2157 1 2172 4 2179 1 2214 1 2248 1 2259 1 2295 1 
30 5 2 94 1 199 1 234 1 321 6 350 1 417 1 429 1 628 4 635 1 784 3 851 1 921 1 975 1 1046 18 1171 4 1177 1 1234 4 1298 1 1412 1 1442 1 1578 4 1599 1 1614 1 1658 2 1949 1 1984 3 2073 1 2204 1 2243 1 
99 7 3 51 1 60 10 61 1 68 4 86 1 103 3 106 1 110 1 190 1 219 3 230 1 233 1 247 2 298 1 322 1 356 1 378 1 396 1 432 1 436 1 456 7 479 1 514 1 554 1 660 1 689 2 702 1 713 4 754 1 762 2 853 1 856 1 891 1 892 1 911 1 926 1 938 1 994 3 1046 6 1076 6 1085 1 1123 1 1146 1 1153 1 1169 1 1178 1 1186 1 1187 2 1198 2 1203 1 1208 3 1216 1 1241 13 1248 1 1254 1 1300 1 1307 1 1316 2 1322 1 1334 1 1337 3 1338 4 1362 1 1388 1 1389 1 1394 1 1477 1 1483 1 1485 1 1499 2 1540 15 1558 1 1563 2 1587 1 1591 4 1604 1 1628 1 1693 1 1702 2 1708 1 1749 1 1750 11 1796 1 1855 5 1873 5 1893 1 1904 1 1906 1 1922 4 1927 1 1968 5 1988 3 2074 3 2111 1 2153 1 2176 2 2203 1 2294 5 
84 3 1 6 1 7 1 62 1 103 1 104 3 172 1 248 1 289 1 292 1 298 1 299 1 325 1 331 2 393 1 400 1 436 2 470 1 472 3 506 1 639 1 718 1 755 1 802 1 815 1 830 3 857 1 869 9 889 1 914 1 957 1 1108 6 1154 1 1157 1 1174 1 1175 1 1184 1 1195 1 1198 3 1202 1 1223 1 1231 1 1233 1 1312 1 1344 1 1347 3 1369 2 1383 1 1488 1 1500 3 1521 7 1535 2 1546 1 1577 1 1588 1 1590 1 1625 1 1671 2 1701 1 1719 1 1730 2 1736 3 1750 7 1761 2 1770 3 1823 1 1857 1 1911 11 1920 3 1938 1 1960 10 1994 1 1999 2 2067 1 2088 1 2098 2 2123 1 2167 2 2185 1 2186 1 2197 1 2216 1 2240 1 2245 1 
7 133 1 415 2 693 8 1656 1 1716 1 2004 29 2040 4 
15 91 8 405 1 543 3 600 9 646 7 693 6 871 7 892 12 1098 4 1184 1 1367 1 1505 2 1563 7 1994 6 2122 2 
31 131 1 134 1 148 2 161 2 228 2 381 1 480 1 573 1 579 7 644 1 725 2 782 1 1034 1 1172 4 1194 3 1207 1 1281 1 1321 1 1346 2 1490 3 1729 1 1737 1 1756 1 1813 1 1831 1 2050 5 2063 1 2090 1 2154 33 2289 1 2307 5 
58 31 1 73 1 90 2 132 2 185 1 210 1 245 10 258 1 364 1 377 1 392 3 413 1 460 1 481 1 613 1 652 1 664 1 716 1 732 1 805 1 847 1 909 3 997 2 1009 5 1033 1 1060 1 1091 1 1168 1 1215 6 1249 1 1265 1 1267 2 1306 1 1463 1 1596 1 1655 1 1666 4 1675 1 1798 1 1836 1 1847 1 1849 1 1860 1 1875 1 1924 9 1973 1 2003 1 2035 1 2100 8 2121 1 2124 1 2139 3 2149 1 2249 16 2253 1 2267 2 2282 5 2290 1 
101 7 3 21 1 32 1 103 1 151 4 165 1 177 1 187 1 255 3 296 1 312 1 322 1 336 1 387 1 399 3 405 1 409 4 435 5 436 2 449 1 465 1 487 1 523 2 530 1 580 1 656 1 657 1 682 1 713 3 831 1 836 1 849 1 863 1 878 1 888 1 900 1 932 1 948 21 971 2 973 1 1057 1 1080 1 1085 2 1164 29 1182 1 1184 1 1187 2 1195 1 1198 4 1204 1 1213 1 1238 1 1239 1 1271 1 1282 1 1284 2 1285 1 1296 1 1299 4 1311 1 1352 1 1394 1 1399 1 1413 1 1417 1 1421 1 1426 1 1431 1 1535 2 1540 2 1547 1 1563 1 1594 1 1598 1 1606 1 1610 1 1634 1 1653 2 1710 1 1738 3 1750 3 1752 3 1770 1 1864 1 1925 1 1950 1 1983 1 1994 2 2009 2 2040 1 2044 1 2054 1 2079 1 2112 4 2116 2 2187 1 2196 1 2209 1 2256 3 2277 1 2295 1 
6 105 1 610 12 623 10 1029 1 1646 1 2262 1 
87 7 1 32 1 33 1 103 2 104 1 124 1 158 1 167 1 194 1 233 2 256 1 268 1 332 4 352 3 357 1 360 1 403 1 418 1 462 1 502 1 547 1 548 1 554 1 557 2 590 1 615 1 682 3 690 18 700 1 718 1 756 2 766 7 788 1 808 1 810 1 822 1 855 3 919 1 1000 2 1049 5 1144 1 1203 1 1206 7 1244 1 1247 1 1255 10 1305 3 1310 2 1319 1 1329 1 1333 1 1344 3 1379 1 1393 1 1397 1 1411 1 1417 4 1470 1 1515 1 1525 1 1529 1 1530 1 1531 1 1535 1 1558 2 1618 2 1653 3 1673 1 1758 1 1805 1 1830 1 1852 1 1876 1 1887 1 1911 3 1964 12 2029 1 2037 15 2048 1 2057 1 2109 1 2112 3 2152 1 2182 1 2193 1 2207 4 2264 1 
30 76 4 182 1 253 1 320 1 404 4 439 1 469 1 600 2 660 2 688 3 701 30 702 3 809 1 839 1 906 3 1066 8 1096 1 1344 11 1346 12 1416 1 1459 1 1472 2 1563 15 1656 1 1783 1 1877 1 1994 8 2014 20 2099 3 2188 1 
88 0 1 48 6 55 1 66 1 77 1 133 12 144 2 150 1 168 2 195 1 235 4 253 1 268 1 270 1 280 1 298 1 384 1 387 1 446 1 450 1 451 1 483 2 490 1 523 1 532 1 534 1 590 1 591 1 667 1 682 2 689 1 696 2 702 6 707 1 740 1 748 2 757 1 760 3 766 18 789 1 826 11 878 10 918 1 935 1 949 1 966 1 977 2 978 3 1027 4 1071 1 1085 1 1127 1 1141 2 1181 1 1184 1 1206 14 1246 1 1286 1 1325 1 1341 3 1344 1 1365 2 1401 1 1417 4 1462 1 1504 1 1535 2 1539 1 1563 1 1606 1 1697 1 1757 1 1767 1 1781 1 1823 1 1848 2 1851 1 1908 1 1910 1 1965 1 2088 1 2130 1 2153 1 2167 1 2177 1 2213 2 2272 1 2301 3 
107 13 1 48 16 67 1 75 3 89 1 95 1 107 2 112 1 133 6 155 1 189 1 191 4 193 1 211 6 214 1 216 1 253 1 254 1 256 1 267 2 331 7 344 1 346 8 354 1 359 1 368 1 369 1 383 1 438 1 456 3 478 1 487 5 491 1 571 18 682 2 694 1 699 2 764 1 773 1 786 1 800 1 822 1 826 36 828 1 853 1 867 1 1004 1 1019 1 1055 4 1077 1 1159 4 1183 1 1187 1 1190 1 1198 2 1216 4 1286 1 1341 1 1344 6 1352 1 1388 1 1398 1 1425 7 1456 1 1493 4 1517 1 1522 1 1543 1 1549 3 1556 1 1558 2 1563 1 1581 1 1590 2 1606 3 1609 2 1627 3 1633 4 1642 7 1653 5 1689 1 1704 3 1712 1 1714 1 1719 1 1731 1 1738 12 1823 1 1838 1 1909 1 1923 1 1931 1 1951 1 1965 2 1994 4 2096 1 2112 1 2122 1 2128 1 2133 2 2202 1 2203 1 2248 1 2256 1 2259 3 2261 1 2299 1 
97 0 1 48 9 76 2 91 1 97 1 103 1 110 5 142 1 206 1 207 2 214 2 231 1 253 1 318 1 346 8 373 1 387 16 394 1 456 5 525 1 561 2 564 1 581 1 653 1 682 1 718 1 766 13 770 1 790 1 794 1 806 2 846 2 872 1 894 1 957 1 962 2 974 1 996 1 1019 17 1062 2 1110 5 1138 2 1180 1 1184 1 1187 2 1255 15 1258 1 1277 1 1335 1 1337 3 1341 1 1352 1 1357 1 1363 1 1365 1 1369 4 1390 1 1411 18 1428 2 1439 2 1465 1 1503 1 1518 1 1535 1 1540 3 1563 2 1565 1 1584 1 1591 2 1634 2 1654 1 1667 1 1700 1 1709 1 1710 1 1747 1 1755 1 1776 1 1795 2 1823 2 1824 1 1844 6 1905 1 1916 6 1929 1 1958 1 1985 1 1994 1 2094 6 2112 2 2120 1 2122 1 2186 1 2226 1 2256 1 2268 1 2295 4 
7 243 1 428 1 595 6 723 1 874 9 1029 1 1936 1 
36 51 3 75 3 77 1 110 3 214 1 222 1 295 1 311 1 346 14 478 1 561 3 594 2 718 1 733 1 766 100 776 1 924 12 955 1 972 1 994 7 1047 1 1121 1 1133 1 1197 1 1209 1 1212 5 1439 2 1640 1 1763 8 1775 1 1850 5 1994 2 2028 8 2126 4 2157 1 2242 1 
29 75 5 76 2 91 1 99 24 189 1 404 4 469 3 482 1 535 2 601 1 682 4 693 14 709 2 802 10 809 2 1029 2 1337 1 1344 3 1487 1 1563 4 1571 6 1775 1 1781 11 1960 7 1994 33 2076 3 2119 3 2166 1 2265 1 
107 13 1 19 1 82 1 133 3 174 1 204 13 248 1 250 1 255 3 257 1 275 1 346 6 348 11 404 1 409 15 443 1 444 2 458 1 494 1 516 1 560 1 583 2 666 2 676 1 717 1 718 1 719 1 772 1 777 3 804 1 826 1 831 4 853 1 866 2 878 2 892 2 923 1 931 2 938 1 956 1 964 1 965 3 972 2 993 1 994 10 995 1 1004 1 1030 1 1042 1 1052 1 1086 1 1110 13 1156 1 1159 1 1181 1 1184 1 1197 3 1301 1 1303 1 1331 3 1337 1 1341 2 1344 3 1369 10 1394 1 1401 1 1406 2 1553 3 1563 1 1607 1 1613 1 1696 1 1704 1 1708 2 1717 8 1719 1 1736 2 1738 3 1753 1 1757 1 1781 9 1800 2 1817 1 1846 1 1851 3 1859 1 1862 3 1911 15 1917 1 1994 8 2037 2 2077 2 2112 1 2116 1 2132 1 2153 1 2171 1 2198 4 2200 1 2220 1 2226 1 2228 11 2231 1 2256 2 2268 1 2294 1 2301 1 
99 7 1 9 1 16 1 44 1 57 1 91 3 104 1 147 1 165 1 233 1 241 6 300 1 303 1 322 2 331 1 346 1 374 1 398 1 425 3 430 1 444 1 456 1 487 1 496 1 503 1 553 1 602 1 631 1 650 1 669 1 692 3 726 3 770 2 818 1 826 1 835 1 853 1 892 1 1023 1 1056 10 1095 2 1108 2 1113 2 1187 2 1216 1 1255 15 1269 1 1310 1 1316 2 1320 1 1336 1 1341 7 1353 1 1409 1 1447 1 1456 2 1468 1 1471 1 1493 14 1563 1 1567 1 1591 1 1677 1 1696 1 1702 2 1719 2 1724 1 1750 4 1768 1 1770 4 1781 4 1784 4 1788 5 1820 1 1866 1 1876 7 1893 1 1908 1 1909 4 1920 3 1946 7 1994 7 2013 7 2049 1 2053 1 2077 5 2080 2 2084 6 2088 1 2110 1 2111 1 2116 3 2167 2 2190 1 2199 1 2229 1 2256 3 2259 1 2264 1 
3 749 6 1962 1 2218 1 
97 35 5 54 1 56 1 59 1 61 1 67 1 99 5 140 1 146 1 150 1 190 1 222 1 255 1 273 1 290 1 302 1 346 22 387 7 391 1 419 2 444 3 511 1 535 1 570 1 639 2 641 2 676 3 690 3 705 6 736 3 770 1 797 1 801 6 864 1 885 1 886 1 930 1 1038 3 1050 3 1053 1 1070 1 1092 1 1110 3 1132 1 1193 1 1196 1 1233 1 1245 2 1255 1 1337 5 1352 1 1388 1 1493 20 1499 1 1563 1 1564 1 1576 1 1590 1 1623 1 1633 2 1651 2 1669 1 1677 7 1704 1 1747 1 1750 5 1759 1 1761 3 1765 1 1772 1 1781 3 1787 1 1796 1 1810 1 1851 6 1865 17 1905 1 1932 5 1937 1 1942 16 1956 1 1964 8 1992 3 2009 1 2029 1 2066 3 2074 1 2087 1 2112 1 2137 11 2148 1 2157 1 2189 3 2211 3 2241 10 2246 4 2275 1 
14 49 2 116 1 129 1 476 9 684 1 768 4 1078 2 1286 1 1619 1 1622 1 1646 5 1647 3 1662 3 2125 2 
36 45 1 61 2 93 1 103 1 119 2 149 1 253 1 422 1 647 1 678 1 690 3 709 1 763 1 780 1 800 1 906 1 1160 1 1196 11 1216 2 1314 1 1365 1 1448 1 1535 2 1558 4 1577 1 1590 1 1628 1 1698 1 1709 1 1738 7 1822 1 1944 1 1961 1 1982 2 2046 1 2192 1 
32 235 9 444 4 575 2 641 6 682 7 692 16 802 6 839 2 947 1 1096 1 1098 1 1136 1 1187 3 1208 3 1316 16 1352 36 1388 1 1558 10 1563 3 1573 3 1592 1 1660 15 1677 8 1704 8 1719 2 1751 7 1882 18 1899 5 1905 8 1966 1 2064 1 2251 1 
96 9 2 55 1 63 1 67 2 78 1 83 1 138 2 151 2 180 1 247 1 378 1 384 2 385 1 411 1 418 1 435 7 436 1 483 1 496 1 497 1 507 1 510 1 585 1 605 2 621 1 690 4 691 2 708 1 740 1 766 13 786 1 809 1 826 49 906 1 978 7 986 8 1028 1 1072 1 1106 1 1112 2 1143 1 1153 1 1166 2 1266 1 1276 1 1288 1 1299 7 1313 1 1334 1 1335 1 1341 3 1365 1 1369 3 1410 1 1439 1 1440 1 1453 1 1487 1 1514 1 1538 3 1553 9 1563 2 1572 8 1606 2 1630 1 1657 1 1690 2 1697 1 1702 4 1719 1 1734 1 1743 1 1747 2 1753 2 1769 2 1777 1 1797 1 1800 1 1822 6 1843 1 1867 1 1876 4 1910 1 1928 1 1945 1 1994 10 2010 8 2029 1 2037 7 2097 1 2109 1 2157 1 2188 1 2205 9 2276 1 2287 1 
10 25 56 201 3 380 39 729 88 749 10 874 9 1105 1 1799 1 1936 10 2262 1 
89 48 15 61 1 133 3 145 1 151 3 238 1 242 1 281 1 295 2 319 1 322 1 340 1 374 4 425 2 436 1 474 4 485 1 528 1 533 5 566 2 597 1 610 1 614 3 626 1 641 2 666 6 713 5 766 1 779 1 788 1 826 11 838 1 887 1 898 4 952 1 961 1 1015 1 1020 1 1027 1 1049 3 1088 1 1127 2 1129 1 1187 1 1210 1 1216 1 1301 4 1302 1 1334 2 1338 6 1341 4 1350 1 1352 25 1375 1 1381 1 1391 1 1392 1 1447 1 1455 2 1487 1 1537 1 1541 1 1563 1 1595 5 1601 9 1628 1 1634 1 1638 5 1648 11 1717 1 1728 1 1740 1 1750 3 1832 1 1839 1 1859 6 1880 1 1892 1 1965 5 1971 1 1994 1 2034 1 2074 3 2112 2 2203 2 2223 1 2250 1 2256 2 2274 1 
93 30 1 48 1 58 1 65 1 77 1 110 8 137 3 144 1 169 1 209 1 246 1 318 2 403 1 409 13 439 1 446 1 468 1 472 2 519 2 520 1 556 1 576 1 578 1 629 1 641 1 655 2 722 1 731 1 742 1 743 21 757 1 769 1 792 1 852 1 853 3 890 1 891 1 892 1 897 1 931 1 940 1 981 1 985 4 1007 4 1053 1 1084 4 1135 1 1137 4 1143 1 1173 1 1195 1 1198 3 1203 1 1206 1 1221 26 1242 1 1260 1 1284 1 1311 1 1381 1 1425 1 1444 1 1499 1 1506 1 1549 1 1562 1 1563 1 1568 1 1602 1 1606 11 1611 1 1713 1 1719 1 1728 1 1736 3 1766 1 1769 1 1771 1 1792 1 1810 2 1814 1 1892 1 1930 3 1994 1 2038 1 2040 1 2086 1 2088 1 2116 1 2136 1 2165 1 2188 1 2297 3 
17 48 2 64 2 103 5 362 1 645 1 702 13 1286 1 1401 1 1646 3 1656 1 1662 8 1764 3 1977 2 2040 4 2117 1 2244 2 2262 1 
39 80 3 91 1 156 1 205 2 252 1 272 14 346 10 509 1 601 1 648 3 841 1 876 1 906 1 978 1 1001 1 1012 1 1035 1 1044 2 1062 4 1087 1 1187 2 1294 2 1352 8 1358 1 1462 1 1510 2 1577 1 1721 1 1770 7 1853 1 1903 1 1923 2 1960 13 1979 1 1986 1 2084 2 2112 2 2133 1 2273 1 
42 7 7 71 23 103 5 125 1 198 1 236 1 276 1 291 10 455 1 477 1 488 2 516 1 534 3 535 1 670 1 682 3 690 6 692 6 740 3 747 8 809 1 1030 2 1038 3 1076 1 1155 10 1161 19 1187 5 1208 2 1237 12 1286 1 1337 3 1402 2 1495 1 1573 1 1588 1 1590 7 1601 7 1668 1 1804 3 1964 32 2029 1 2179 3 
101 7 6 91 1 92 1 93 1 110 5 112 1 128 1 133 6 179 1 216 1 278 1 281 2 282 1 306 1 352 1 366 3 391 3 402 1 425 1 444 2 474 3 512 1 546 1 648 4 685 1 707 1 721 1 739 3 754 1 759 1 766 46 826 13 830 1 832 1 853 2 860 1 892 2 893 1 907 2 934 1 948 29 970 1 985 2 1085 1 1141 1 1151 1 1176 2 1181 1 1187 2 1200 1 1216 1 1297 9 1299 19 1310 1 1332 1 1341 2 1395 1 1407 1 1422 1 1435 1 1436 1 1478 1 1493 6 1524 1 1545 3 1549 1 1557 4 1566 1 1579 1 1590 1 1595 1 1608 4 1609 1 1671 1 1695 1 1707 3 1757 2 1832 1 1851 2 1876 1 1881 2 1888 1 1915 1 1916 10 1994 6 2010 3 2016 1 2072 1 2077 7 2088 3 2106 2 2109 1 2135 3 2138 1 2147 1 2150 1 2159 1 2203 2 2225 2 2256 1 2259 2 
110 2 1 7 1 51 1 72 1 91 1 103 1 110 6 113 1 183 1 216 2 217 1 221 1 222 1 264 1 268 1 310 1 319 2 328 1 338 1 345 1 346 25 384 1 404 5 433 4 436 1 456 8 494 3 503 1 531 1 533 1 561 1 592 1 605 1 685 1 695 1 704 1 718 1 728 1 783 1 809 2 911 2 932 2 962 1 987 1 1027 1 1041 1 1065 1 1069 1 1071 6 1107 1 1113 4 1122 1 1164 5 1184 1 1187 4 1195 1 1196 2 1198 6 1216 2 1254 3 1287 1 1299 1 1309 1 1315 1 1355 1 1366 1 1368 16 1378 1 1381 3 1401 1 1410 1 1418 2 1434 1 1455 1 1457 1 1529 1 1540 1 1558 1 1560 1 1563 1 1610 2 1667 1 1733 2 1747 6 1767 1 1794 2 1859 1 1874 1 1892 2 1894 3 1905 3 1974 1 1981 1 1994 4 1995 1 2000 1 2077 4 2114 1 2122 2 2134 1 2151 2 2157 1 2175 1 2179 2 2202 1 2234 1 2256 1 2258 1 2268 1 2294 3 
47 20 12 181 9 321 28 486 1 526 2 628 1 665 49 681 1 753 1 784 1 793 20 811 14 816 14 823 1 829 2 925 1 937 1 984 48 989 46 1124 1 1217 1 1227 20 1234 2 1298 1 1341 9 1404 1 1445 1 1578 29 1599 7 1600 2 1624 4 1637 1 1664 1 1670 4 1687 25 1854 2 1856 1 1969 1 2036 1 2037 16 2068 1 2073 1 2095 1 2162 2 2257 1 2263 1 2281 2 
8 81 1 213 1 610 2 624 4 735 4 1647 21 1672 2 1719 5 
84 7 2 10 1 39 1 109 1 121 1 143 1 192 1 196 1 242 1 288 1 315 1 353 1 387 6 409 4 433 1 464 3 518 1 567 1 587 1 590 3 608 1 672 5 702 1 703 1 718 1 728 3 754 1 807 1 821 1 920 1 1027 3 1109 1 1123 2 1173 1 1187 1 1203 1 1219 1 1290 1 1339 1 1341 11 1352 10 1414 2 1438 1 1450 1 1451 1 1489 1 1499 1 1528 1 1563 2 1570 1 1581 1 1588 2 1617 1 1702 27 1706 1 1708 1 1710 1 1770 2 1801 1 1806 1 1821 1 1825 1 1918 1 1930 2 1961 1 2007 1 2029 2 2040 2 2045 1 2088 2 2089 1 2092 1 2098 1 2109 1 2140 1 2142 1 2152 1 2157 2 2167 3 2179 2 2186 6 2188 4 2237 1 2308 7 
17 202 2 405 4 431 4 730 1 1029 6 1140 18 1342 1 1401 13 1536 1 1646 1 1662 3 1716 1 1913 11 2008 2 2040 3 2088 6 2091 2 
36 90 1 157 2 229 1 245 18 274 1 392 5 460 1 568 1 589 1 599 4 686 1 710 1 714 1 875 3 909 1 1152 1 1165 1 1215 3 1385 1 1446 1 1520 3 1554 1 1626 3 1675 1 1748 1 1924 2 2019 2 2021 2 2105 1 2139 1 2156 1 2160 9 2194 12 2290 1 2292 2 2304 2 
26 133 10 235 2 320 1 387 59 426 1 584 6 598 17 601 12 610 1 693 15 868 4 1098 2 1292 2 1469 16 1501 1 1505 6 1563 6 1646 1 1656 1 1715 1 1738 13 1764 1 1905 4 1977 2 1990 13 2221 1 
34 7 7 9 2 74 1 104 2 120 12 233 1 235 7 239 2 253 1 339 1 433 1 444 1 661 11 672 18 682 1 690 7 702 1 809 2 906 2 1045 1 1145 1 1198 1 1263 2 1337 2 1485 1 1496 1 1499 1 1548 1 1634 2 1719 2 1994 6 2040 1 2077 30 2103 1 
125 15 1 37 1 46 1 48 18 110 3 127 1 133 6 141 1 189 1 197 2 212 1 216 1 247 1 248 1 253 1 271 1 280 1 293 1 295 1 307 1 330 2 343 1 366 1 378 1 395 1 421 1 458 1 500 1 516 1 520 1 531 1 535 1 571 4 585 1 596 1 597 2 605 3 607 1 622 1 633 1 651 1 659 1 675 1 692 3 695 2 706 1 713 3 780 1 789 3 853 1 855 3 859 1 889 1 891 1 906 1 913 1 926 2 967 4 978 2 982 1 994 1 999 1 1016 1 1064 1 1075 1 1085 1 1103 1 1153 1 1167 1 1179 1 1216 2 1222 1 1233 2 1268 3 1316 4 1317 1 1318 1 1327 8 1337 2 1341 1 1356 1 1384 4 1398 1 1417 4 1418 1 1423 1 1436 1 1499 1 1513 3 1517 1 1523 1 1535 4 1551 2 1563 1 1591 1 1606 2 1612 1 1628 2 1630 1 1650 2 1704 1 1719 1 1746 1 1750 1 1781 3 1788 5 1833 1 1855 2 1870 3 1905 1 1916 7 1964 16 1985 3 1999 1 2016 2 2088 2 2119 1 2122 1 2132 1 2168 1 2232 1 2250 1 2255 1 2269 1 2295 3 
85 7 6 11 1 48 14 51 2 67 1 77 2 103 1 104 1 133 2 168 1 183 1 235 1 247 4 253 1 316 1 346 14 348 12 374 1 387 3 390 1 436 2 448 1 531 4 569 2 689 3 713 1 726 5 734 1 739 1 762 2 802 3 833 1 878 11 892 1 902 1 932 1 948 1 954 1 994 8 1059 1 1072 1 1097 1 1120 4 1173 1 1176 2 1206 5 1216 1 1305 11 1327 1 1333 1 1345 1 1353 1 1380 1 1439 3 1535 1 1549 2 1563 1 1591 1 1597 2 1643 1 1651 1 1653 4 1661 1 1702 27 1704 1 1708 2 1719 1 1750 6 1781 12 1832 1 1930 1 1981 1 1993 2 2000 1 2013 3 2042 1 2047 1 2119 1 2151 1 2155 5 2157 1 2180 1 2247 1 2256 1 2291 2 
68 20 3 162 1 163 2 224 1 234 3 263 1 304 1 321 9 334 6 350 1 375 3 486 4 492 4 537 2 542 6 572 1 593 1 609 4 617 4 643 1 681 1 749 2 758 20 778 1 816 21 823 1 945 21 963 1 984 40 989 28 992 1 1002 1 1126 1 1171 1 1177 1 1206 1 1217 12 1235 1 1261 4 1278 2 1412 2 1420 1 1445 1 1548 8 1578 11 1593 5 1600 1 1605 1 1621 1 1641 1 1658 1 1680 2 1681 1 1685 1 1912 1 1949 1 1959 1 1972 1 2002 1 2032 1 2036 1 2037 44 2068 2 2095 1 2145 1 2181 1 2183 1 2305 3 
3 426 4 1764 2 2262 1 
78 53 1 70 1 87 1 100 1 103 2 110 1 167 1 197 1 225 15 257 1 259 1 348 29 365 1 435 6 464 4 472 1 493 1 519 1 527 1 618 3 676 8 682 1 690 4 702 1 767 3 781 2 800 1 812 1 838 1 853 1 892 3 1003 1 1007 2 1026 1 1128 4 1192 1 1196 6 1198 2 1225 1 1294 3 1323 1 1339 1 1349 11 1352 26 1396 1 1436 3 1514 1 1542 1 1577 4 1583 5 1606 1 1648 14 1654 1 1684 1 1708 1 1719 2 1738 5 1744 1 1760 1 1767 1 1795 1 1812 1 1857 1 1869 1 1874 1 1911 1 1958 1 1967 7 1994 4 1999 1 2036 9 2074 2 2109 1 2190 1 2216 1 2230 1 2232 1 2256 1 
4 1098 5 1686 1 1834 1 2221 2 
14 91 2 182 2 202 2 371 12 535 2 658 1 1277 8 1495 2 1563 9 1662 1 1715 3 1962 1 2208 1 2221 1 
17 116 1 129 3 215 2 277 1 420 1 476 2 501 1 785 2 843 2 1125 1 1274 1 1586 1 1652 1 1663 1 2023 1 2093 6 2283 1 
96 7 6 40 1 51 1 55 2 61 4 107 1 111 1 133 1 165 2 233 1 241 2 254 1 323 1 346 1 348 9 349 1 353 1 384 7 387 6 388 2 436 3 444 2 459 1 469 4 504 1 570 1 597 3 604 2 622 1 639 2 662 1 690 2 713 3 760 2 766 5 772 2 799 1 831 3 967 1 968 1 994 11 1008 1 1013 2 1028 1 1085 2 1090 1 1095 1 1114 1 1159 1 1170 5 1184 1 1187 1 1196 1 1200 1 1236 1 1314 2 1327 3 1341 2 1425 5 1449 1 1452 1 1487 2 1493 1 1499 1 1508 1 1558 2 1563 1 1572 36 1606 11 1661 1 1693 2 1719 1 1738 1 1752 2 1770 2 1781 6 1788 8 1791 1 1810 1 1829 1 1838 1 1841 1 1905 1 1922 4 2029 3 2037 6 2065 1 2099 2 2122 1 2127 1 2188 2 2222 4 2246 1 2254 1 2279 1 2295 5 
93 1 1 51 1 53 1 76 2 77 5 82 1 91 3 133 2 138 1 169 1 171 3 200 5 216 1 272 1 379 2 406 1 445 8 471 1 472 2 560 1 574 1 585 1 639 1 654 1 666 3 689 5 690 6 775 8 788 1 845 2 865 1 870 2 878 4 892 1 938 1 978 1 983 1 995 1 1083 1 1101 2 1108 2 1116 2 1138 1 1156 1 1176 1 1203 2 1216 2 1219 1 1254 9 1327 5 1352 8 1365 1 1400 2 1401 1 1408 1 1439 4 1475 1 1514 1 1533 1 1563 2 1615 1 1620 2 1628 1 1702 19 1723 1 1732 1 1736 2 1815 5 1819 1 1822 2 1879 1 1898 1 1908 2 1914 1 1920 2 1964 4 1967 7 1968 9 1980 1 2031 2 2080 1 2084 3 2088 2 2098 4 2109 1 2131 1 2167 2 2245 1 2256 1 2272 1 2276 1 2284 12 2297 1 
3 575 1 693 4 1184 8 
70 1 1 7 2 51 1 77 5 110 7 112 1 118 1 151 2 153 1 175 1 260 1 307 1 308 1 346 10 374 1 414 1 456 3 566 1 581 1 588 1 629 1 676 1 718 1 724 1 759 1 795 3 910 1 914 1 928 2 1006 1 1084 1 1093 3 1101 1 1102 2 1119 1 1139 1 1187 4 1198 4 1255 5 1279 1 1317 3 1351 1 1352 13 1365 2 1377 1 1396 1 1432 1 1457 1 1481 1 1499 1 1659 1 1678 1 1736 1 1738 3 1769 4 1770 3 1785 1 1788 5 1822 7 1885 1 1897 1 1948 1 1957 1 1993 1 2012 1 2101 1 2116 1 2178 1 2179 2 2186 2 
537 1205
