133 337 342
3 133 2 269 2 336 1 
3 35 1 49 1 275 1 
3 44 1 131 1 293 1 
4 71 1 153 1 210 1 238 1 
3 190 1 214 1 312 1 
2 167 1 193 1 
2 88 1 329 1 
3 137 1 236 1 268 6 
2 26 1 265 1 
2 297 1 335 1 
2 0 1 262 1 
3 22 1 96 1 185 1 
2 65 1 202 1 
2 154 1 281 1 
5 39 1 145 1 186 1 201 1 299 1 
1 134 3 
2 183 1 233 1 
2 232 1 240 1 
4 47 1 66 1 130 1 318 1 
2 229 3 311 1 
2 27 1 235 1 
2 7 1 255 1 
3 25 3 54 4 77 6 
2 239 1 264 1 
3 170 4 184 1 215 1 
2 30 2 99 1 
2 141 1 195 1 
1 86 2 
2 91 1 212 6 
5 100 3 155 2 273 1 279 1 320 1 
5 15 1 109 1 244 1 258 1 316 1 
4 85 1 181 1 200 1 231 2 
2 46 1 280 1 
2 104 1 199 1 
1 219 3 
2 105 1 150 1 
2 59 1 282 1 
2 68 1 327 1 
1 110 4 
3 28 1 33 1 298 1 
2 246 1 254 1 
2 17 1 58 1 
2 129 1 333 1 
3 40 1 101 1 111 1 
3 38 1 295 2 319 3 
3 42 1 92 1 247 1 
2 243 1 290 1 
1 95 2 
14 18 2 29 2 55 1 90 2 102 2 124 2 127 2 174 2 188 2 221 2 256 1 272 2 302 2 331 2 
2 194 1 296 1 
4 149 1 237 1 260 1 284 1 
2 13 1 332 1 
3 128 2 271 1 317 2 
5 6 1 23 1 78 1 140 1 171 1 
2 76 1 160 1 
2 217 1 315 1 
3 21 1 207 1 278 1 
2 285 1 307 1 
4 34 1 97 1 136 1 276 2 
4 10 1 83 1 118 1 230 1 
3 152 1 166 1 213 1 
2 93 2 277 10 
3 122 1 204 1 274 2 
2 72 1 309 1 
1 305 2 
4 53 1 189 1 292 1 322 1 
8 8 2 12 2 43 1 48 1 67 1 70 1 142 1 252 2 
2 51 1 165 1 
1 283 2 
2 108 2 227 1 
6 1 1 98 1 147 1 179 1 182 2 270 1 
3 20 1 135 1 324 1 
2 313 1 334 1 
2 168 1 178 1 
2 117 1 151 1 
6 113 1 121 1 138 1 208 1 301 1 314 1 
3 30 2 32 1 176 1 
2 4 1 31 1 
2 115 1 177 1 
3 64 1 116 1 300 1 
4 24 1 63 1 192 1 209 1 
2 75 2 226 2 
2 56 1 278 1 
2 294 1 306 1 
2 112 1 205 1 
3 52 9 114 2 228 2 
2 218 16 228 3 
2 164 1 308 1 
5 36 1 148 1 180 1 220 1 241 1 
1 114 13 
5 60 1 73 1 172 1 222 1 291 1 
1 94 2 
3 74 1 146 1 267 1 
2 80 1 287 2 
2 161 1 257 1 
3 2 1 125 1 126 1 
2 61 1 249 1 
2 52 2 228 11 
2 37 1 169 1 
2 175 1 234 1 
2 132 1 173 1 
2 82 8 89 2 
1 84 3 
2 85 1 248 1 
2 263 6 310 1 
2 119 1 303 2 
4 3 1 11 1 106 1 253 1 
1 62 2 
3 163 2 206 1 224 1 
2 57 1 328 1 
3 14 3 50 1 87 1 
5 197 1 216 1 245 1 259 1 261 1 
3 85 1 191 1 248 3 
2 79 1 187 1 
2 5 1 166 1 
3 9 1 81 1 123 1 
1 54 2 
3 85 1 181 1 191 3 
2 19 1 288 1 
2 157 3 250 1 
2 69 1 162 1 
3 41 1 251 1 321 1 
4 120 1 198 1 223 3 286 1 
1 323 10 
2 144 1 156 1 
2 16 1 103 1 
3 45 1 139 3 242 2 
2 159 1 211 1 
3 266 1 325 1 326 1 
3 143 1 225 1 330 1 
2 289 1 304 1 
2 196 1 203 1 
2 107 1 158 2 
6 9 2 113 1 166 28 244 1 280 1 282 1 
8 15 9 39 3 62 2 109 2 225 2 280 1 297 2 299 3 
6 40 2 147 2 150 11 166 5 178 1 256 3 
7 76 1 101 5 129 31 166 5 199 38 294 1 319 2 
5 6 6 19 2 62 1 168 1 326 8 
4 80 3 282 7 290 1 299 3 
2 101 5 123 2 
1 258 4 
3 55 1 90 5 272 2 
2 184 35 273 1 
1 315 13 
4 111 2 120 1 230 2 318 3 
3 178 2 196 2 332 2 
1 94 14 
4 27 1 87 7 101 3 138 10 
6 39 1 158 1 166 16 199 9 210 1 305 1 
8 49 1 73 4 166 6 199 11 201 8 297 2 299 6 332 3 
2 121 8 326 10 
5 7 10 60 3 80 9 199 2 299 2 
9 8 2 34 5 85 1 114 1 142 1 192 2 200 2 226 2 252 1 
8 43 2 103 13 108 1 191 2 227 5 248 1 312 10 336 6 
9 85 5 99 33 108 4 136 2 192 1 227 1 269 1 270 1 312 10 
2 19 4 187 1 
5 35 1 54 3 81 1 199 6 323 1 
1 110 3 
1 94 1 
4 3 1 121 11 166 2 188 5 
3 7 7 120 2 201 1 
5 36 1 56 4 120 4 157 3 178 1 
5 125 1 166 12 167 6 238 6 314 13 
11 7 18 11 2 36 3 80 2 211 1 214 1 232 15 297 1 299 1 326 1 333 1 
16 30 1 32 1 48 2 75 2 82 6 99 15 103 23 114 5 119 1 183 5 191 1 218 1 226 4 248 3 270 1 276 1 
4 35 2 147 2 201 8 207 1 
5 145 10 153 1 199 15 249 2 280 2 
2 187 1 233 1 
6 6 1 105 1 199 35 301 2 326 1 332 1 
2 118 10 314 1 
3 134 2 166 6 280 1 
3 138 32 220 2 275 3 
1 82 1 
3 94 10 95 4 213 8 
9 7 9 19 4 56 1 134 10 157 1 204 8 297 1 299 1 326 3 
5 7 14 10 2 78 1 147 6 166 12 
5 11 2 76 1 145 15 156 2 158 1 
2 167 1 287 18 
7 6 11 7 1 39 1 105 1 175 2 238 3 326 2 
6 39 1 137 1 185 1 193 1 199 31 282 23 
6 53 1 101 3 121 7 207 1 210 7 325 2 
4 120 1 158 2 210 7 258 2 
8 41 2 124 2 127 1 221 1 251 26 262 1 321 3 331 64 
2 149 4 321 29 
1 184 19 
4 237 4 251 36 272 1 321 3 
5 14 15 39 1 54 3 289 4 309 1 
4 121 1 158 3 250 38 265 3 
2 94 11 329 1 
5 62 1 166 6 199 2 257 1 332 2 
2 104 1 205 1 
5 150 15 166 17 199 2 278 7 299 5 
4 201 12 280 1 299 3 326 4 
14 8 6 16 2 43 1 99 40 103 1 108 2 133 1 191 1 227 4 248 5 270 1 312 24 334 1 336 5 
8 32 1 99 1 108 3 128 1 165 1 206 1 303 10 312 4 
5 82 3 114 1 195 3 226 2 313 1 
10 85 1 108 1 114 1 142 6 169 2 183 4 191 4 203 4 227 14 312 11 
3 13 3 19 1 58 1 
4 39 2 74 3 92 1 199 2 
1 267 1 
1 268 1 
6 7 9 84 2 109 1 201 2 240 1 301 1 
5 7 24 54 1 129 3 157 2 205 1 
3 18 3 166 4 167 4 
2 39 2 158 4 
2 3 3 199 25 
4 7 28 150 3 299 2 326 1 
4 33 2 113 1 138 1 154 1 
3 180 2 199 36 332 1 
6 6 1 19 1 57 2 120 1 150 1 187 4 
1 6 10 
6 31 15 129 7 199 27 239 2 258 4 282 3 
3 106 1 172 2 264 2 
3 205 1 277 4 280 1 
9 7 3 20 3 39 1 62 1 157 2 179 1 268 1 326 1 332 1 
3 25 6 77 1 324 1 
5 101 3 166 16 193 1 264 2 278 10 
7 117 1 150 60 157 3 186 2 265 1 297 1 299 3 
6 3 1 6 39 18 2 39 2 189 1 299 4 
4 4 2 74 3 166 9 280 1 
2 201 20 278 8 
1 222 2 
2 0 1 90 11 
2 35 2 45 1 
5 41 6 260 11 284 2 321 35 331 50 
6 174 2 221 1 237 7 302 2 310 1 315 1 
5 42 1 92 1 153 2 185 1 235 1 
4 171 1 179 1 211 1 280 2 
1 94 1 
1 94 1 
6 33 2 101 7 116 1 180 1 214 1 229 6 
10 39 2 101 2 166 26 167 1 178 3 225 1 268 7 277 3 293 1 332 1 
4 62 1 83 1 201 6 241 1 
5 143 7 150 9 199 19 201 5 299 3 
8 12 3 16 1 51 6 67 1 99 3 114 12 228 7 303 20 
9 30 24 108 2 114 2 155 15 173 2 191 1 226 15 312 24 320 2 
8 37 1 70 2 103 1 108 4 176 3 191 2 270 1 312 24 
8 52 1 70 1 100 1 108 4 114 12 183 5 191 3 195 1 
2 13 13 79 8 
4 11 1 77 1 166 12 238 10 
6 64 1 107 2 110 10 199 5 253 3 254 1 
1 182 1 
1 46 5 
6 11 6 19 7 106 2 166 1 168 2 332 4 
2 14 16 157 2 
4 15 9 167 1 201 2 283 1 
4 145 8 207 3 258 1 280 2 
7 7 11 36 1 134 1 222 4 245 1 258 1 265 1 
2 113 2 283 1 
3 166 18 199 40 278 3 
2 171 1 250 2 
3 120 1 150 2 233 1 
6 5 6 190 1 216 1 245 1 259 1 261 1 
6 6 1 7 2 11 1 80 1 297 1 326 7 
3 62 1 148 9 166 4 
4 138 3 199 30 211 1 230 1 
3 181 11 191 4 231 10 
10 7 5 17 1 36 3 56 2 157 1 225 2 297 2 300 26 301 1 326 5 
3 180 1 199 25 253 2 
1 278 11 
5 10 5 144 1 162 2 167 1 230 1 
5 15 5 36 1 91 1 297 1 326 6 
5 60 15 130 2 170 10 314 2 316 3 
6 145 4 158 3 193 1 199 48 265 1 308 1 
3 25 1 180 1 215 2 
9 29 3 102 3 124 2 127 3 202 1 251 4 310 13 315 34 321 108 
2 88 1 316 1 
2 251 35 310 4 
1 77 1 
4 199 29 246 2 282 10 325 1 
4 62 1 86 1 94 13 245 5 
4 98 1 157 7 305 2 326 6 
3 139 1 280 1 296 1 
2 199 12 297 1 
1 278 5 
12 30 10 99 4 103 40 108 1 176 1 183 3 191 4 219 1 270 2 312 22 320 1 336 2 
11 30 24 63 1 67 1 108 2 114 12 119 1 183 1 191 1 195 1 252 1 270 1 
7 32 1 99 5 108 3 114 12 206 1 228 5 270 1 
10 43 1 89 2 99 12 100 1 103 13 108 2 176 11 191 1 206 1 269 1 
3 79 6 233 2 328 4 
4 39 2 106 3 264 6 306 1 
4 123 1 153 2 199 28 280 2 
2 194 1 246 1 
2 46 8 62 1 
8 7 32 10 1 36 1 109 1 113 3 297 1 304 3 326 1 
6 21 1 39 1 207 3 268 1 280 1 286 2 
3 60 2 166 9 238 1 
3 98 19 145 2 299 5 
5 3 5 6 6 11 3 98 4 201 7 
5 11 3 102 2 134 1 199 6 201 12 
3 158 2 199 10 261 1 
2 166 17 277 4 
8 6 3 56 1 71 1 137 2 204 6 261 1 314 1 326 2 
6 38 1 39 2 62 1 135 6 166 6 294 1 
3 46 4 138 12 159 1 
1 263 3 
1 94 17 
6 7 15 10 2 111 1 212 3 265 2 297 4 
6 21 1 91 1 120 1 199 1 280 1 291 1 
6 10 1 62 1 72 1 287 1 299 3 326 1 
5 39 1 101 5 246 1 280 1 294 1 
6 109 15 110 2 166 4 199 17 225 4 286 1 
2 147 5 194 1 
5 29 2 127 12 202 1 217 2 251 13 
3 50 1 101 3 170 6 
3 129 6 199 25 280 1 
1 223 2 
5 74 2 106 1 145 5 196 1 255 1 
5 138 3 247 3 278 4 280 1 314 4 
2 62 1 94 1 
3 7 5 166 31 253 3 
6 7 20 121 1 122 2 137 1 297 1 326 4 
5 27 1 39 1 166 14 280 1 314 3 
4 86 1 154 3 156 3 166 17 
11 24 1 30 1 43 4 52 3 85 5 108 3 114 10 191 1 195 1 226 1 248 4 
8 30 1 82 3 99 14 108 4 119 2 141 1 218 3 312 24 
2 56 1 232 4 
7 99 5 108 4 200 1 226 11 227 7 270 1 312 6 
3 19 30 79 5 233 4 
5 4 2 39 1 166 22 257 1 278 3 
5 36 2 171 3 225 1 277 12 332 2 
5 110 4 153 1 158 2 168 1 280 1 
1 62 1 
11 7 1 86 1 109 1 158 1 196 3 210 1 245 1 250 2 282 1 299 1 326 1 
2 35 2 166 3 
5 83 1 91 1 138 2 167 4 238 1 
6 166 2 208 2 234 6 238 3 258 1 297 1 
5 6 6 39 2 61 3 135 2 335 3 
4 39 1 145 10 158 1 254 1 
3 225 2 307 2 314 3 
1 230 2 
7 6 15 7 14 54 1 56 1 294 1 295 2 326 1 
4 28 1 31 6 199 14 332 6 
3 62 1 207 2 319 1 
2 94 34 164 4 
6 7 20 84 4 157 3 299 5 326 3 333 1 
3 27 1 39 1 138 1 
5 158 2 166 1 199 25 211 1 278 4 
6 166 13 167 1 250 5 299 5 314 1 323 3 
8 6 2 7 2 182 1 199 39 249 3 299 3 301 1 326 1 
3 77 1 217 3 223 9 
3 179 1 268 2 280 1 
2 201 3 223 5 
6 3 3 49 1 81 1 153 1 158 2 199 3 
2 140 1 145 11 
1 94 2 
7 7 24 81 4 120 6 186 1 241 5 253 1 297 2 
7 54 1 60 13 166 28 167 6 180 4 314 11 325 1 
7 138 20 150 49 154 1 158 2 278 9 299 5 314 14 
1 199 10 
4 26 3 129 22 158 2 222 6 
14 30 12 37 1 97 3 99 28 108 1 119 1 142 2 163 1 183 7 191 3 195 4 218 8 224 1 312 2 
2 49 7 298 2 
6 108 4 114 1 155 1 191 1 226 12 312 10 
1 19 3 
1 166 6 
1 199 8 
1 242 1 
6 15 19 115 1 264 4 314 2 325 1 327 13 
5 27 2 76 1 196 3 197 1 214 5 
5 35 6 113 1 177 1 314 9 323 8 
5 101 1 159 8 166 3 185 1 225 1 
5 7 7 44 1 56 1 62 1 326 3 
5 53 1 110 1 137 1 167 2 323 9 
3 84 1 150 17 323 1 
2 109 9 166 10 
8 91 1 172 2 199 12 204 8 297 2 299 1 311 2 326 12 
3 112 1 158 2 322 4 
1 273 4 
3 62 1 94 29 213 1 
10 1 2 62 1 91 2 95 1 134 1 199 3 241 6 278 2 297 2 326 2 
7 69 6 152 1 230 1 235 1 238 3 281 1 314 15 
1 77 3 
4 98 1 166 18 199 11 299 2 
6 6 24 56 1 116 1 250 12 299 2 326 5 
1 35 8 
1 223 38 
1 223 7 
3 179 3 289 4 308 7 
1 297 1 
2 62 1 94 2 
8 3 2 10 1 15 50 62 1 106 3 253 1 264 3 326 7 
7 7 16 147 7 166 18 199 29 234 6 250 10 299 4 
5 21 1 59 22 166 11 170 6 277 8 
3 166 20 257 7 280 1 
9 8 3 23 1 108 4 114 12 142 14 191 1 219 1 248 2 312 12 
7 19 12 56 1 62 1 151 2 207 1 306 1 326 2 
2 42 7 120 1 
2 54 3 258 2 
1 19 1 
1 3 1 
6 7 6 56 3 80 1 207 1 297 3 325 8 
2 62 1 222 10 
2 189 3 330 1 
5 6 6 7 7 129 10 199 52 243 2 
8 20 1 76 5 84 2 129 5 160 4 199 17 207 1 222 10 
5 35 6 147 1 150 1 160 2 299 5 
2 166 7 167 1 
6 3 1 158 1 160 2 199 11 201 2 299 4 
2 53 2 207 2 
7 62 1 175 1 189 2 199 50 258 8 297 2 326 1 
5 113 4 129 8 145 3 199 48 258 1 
9 7 5 11 1 106 1 113 2 182 1 216 1 258 3 326 5 335 1 
1 132 9 
6 62 1 71 11 126 1 138 50 182 1 239 4 
1 62 11 
4 7 4 199 16 299 1 323 1 
7 56 1 134 1 166 29 199 21 223 13 274 22 299 3 
5 62 1 166 2 199 25 266 1 296 1 
1 180 2 
7 70 1 100 2 108 1 195 4 206 1 276 2 279 1 
1 223 10 
1 223 12 
1 293 2 
2 19 4 187 1 
4 110 9 146 5 280 1 323 1 
4 113 1 139 3 238 3 242 1 
1 158 2 
2 62 2 94 3 
9 47 7 49 2 93 1 150 5 161 2 166 14 199 73 208 2 308 5 
4 66 1 73 1 301 1 323 3 
2 105 1 326 4 
2 138 4 267 5 
11 2 31 7 12 62 1 77 1 189 1 198 1 199 7 250 10 285 2 297 5 326 4 
10 12 1 82 4 128 1 142 4 155 13 192 1 219 1 226 1 271 1 312 17 
3 113 5 243 1 308 6 
2 123 1 207 1 
3 6 1 19 1 187 1 
4 7 7 60 3 243 3 245 2 
8 39 1 56 2 167 5 232 5 236 3 244 2 278 7 280 1 
5 120 2 158 1 211 2 212 5 238 3 
1 94 17 
7 7 16 56 3 157 3 314 1 324 2 326 1 330 1 
5 10 3 112 1 150 38 158 1 240 7 
5 18 2 166 19 199 11 207 1 280 2 
2 166 26 287 12 
8 2 5 3 1 7 6 11 2 56 2 84 5 297 2 326 7 
4 36 1 115 1 292 2 299 3 
5 129 7 146 7 158 1 207 2 297 1 
1 166 12 
3 65 3 68 1 251 16 
2 132 1 273 11 
1 263 3 
5 36 1 54 1 93 1 232 8 277 6 
3 253 2 289 2 323 1 
1 62 5 
4 15 17 225 2 243 8 326 7 
4 62 1 72 1 130 1 199 4 
3 98 24 166 1 193 3 
1 298 2 
13 8 1 12 1 30 1 51 5 85 1 103 14 108 1 114 8 141 1 142 2 209 1 312 1 317 2 
8 67 1 70 1 99 29 108 2 114 10 248 4 270 1 312 24 
1 223 11 
1 280 1 
5 13 3 19 3 79 2 187 1 328 5 
3 2 14 9 1 316 1 
6 35 12 120 2 180 1 199 45 212 3 314 3 
4 39 1 50 1 166 14 235 1 
1 94 18 
6 7 26 35 9 81 2 157 1 201 9 335 5 
9 15 14 62 1 83 1 84 2 109 1 131 3 225 4 297 5 326 4 
5 39 3 166 27 207 1 239 3 264 1 
8 101 1 116 1 158 1 166 16 211 1 297 1 316 1 323 1 
6 22 1 35 5 39 1 81 6 178 3 201 1 
13 30 1 32 1 37 1 52 5 70 1 82 3 99 41 114 2 133 1 163 1 191 1 248 4 312 1 
4 62 1 196 4 299 6 326 11 
5 106 4 145 4 168 1 199 43 211 6 
3 6 1 96 4 233 2 
6 7 20 72 1 123 4 297 4 326 3 335 1 
2 9 1 137 1 
5 110 6 111 6 166 8 285 1 288 1 
2 199 29 244 1 
1 231 7 
1 294 1 
2 94 2 213 1 
35 177
