16 59 91
5 6 1 14 1 30 1 42 1 46 1 
2 40 1 48 1 
2 22 1 41 3 
4 1 1 18 1 50 1 51 1 
2 8 1 49 1 
2 26 1 32 1 
2 11 1 29 1 
4 2 1 16 1 17 1 27 1 
3 12 1 20 2 31 3 
8 5 1 7 1 23 1 25 1 43 1 47 1 53 1 56 1 
3 13 2 19 4 34 1 
7 4 1 9 1 24 1 36 1 38 1 52 1 57 1 
4 0 2 35 2 37 1 39 2 
2 54 1 55 1 
5 10 1 21 1 28 1 33 1 45 1 
4 3 1 15 1 44 1 58 1 
2 16 14 51 26 
2 18 6 22 1 
5 5 10 11 3 18 3 19 10 50 5 
1 18 1 
1 41 2 
1 19 1 
1 38 12 
2 12 10 47 5 
1 12 5 
1 29 1 
3 28 4 34 1 51 18 
1 53 11 
2 8 21 33 6 
1 23 1 
1 26 3 
1 13 1 
3 38 1 52 8 57 17 
2 32 1 48 20 
1 40 19 
4 14 1 17 11 19 8 40 15 
2 15 1 48 1 
1 18 6 
1 3 2 
4 7 26 12 7 13 3 34 25 
1 11 1 
1 18 2 
1 17 20 
3 35 325 42 1 46 13 
4 1 8 25 1 32 5 48 40 
1 6 14 
2 17 22 58 15 
1 26 3 
1 31 72 
2 4 39 38 12 
1 18 2 
2 12 15 50 6 
1 29 3 
1 6 15 
4 10 3 16 14 19 2 25 5 
2 0 5 39 11 
1 40 8 
1 23 1 
1 58 11 
2 17 3 53 8 
2 32 6 40 16 
2 15 2 53 3 
1 9 19 
1 15 2 
2 4 13 36 10 
1 17 8 
2 22 4 56 3 
1 51 21 
2 12 6 34 15 
2 16 9 32 2 
5 2 12 21 6 37 938 46 1 49 2 
3 11 3 12 1 26 3 
1 36 6 
1 32 6 
1 20 21 
1 40 4 
2 6 14 20 1 
1 48 42 
2 2 12 37 1 
1 23 1 
2 13 1 32 12 
1 12 2 
2 12 10 32 4 
2 45 5 48 13 
1 50 4 
1 55 3 
4 31 1 41 2 42 1 44 2 
1 51 25 
2 3 19 51 37 
1 32 2 
2 12 2 20 7 
3 22 4 32 6 48 49 
1 30 5 
1 54 24 
1 20 2 
1 22 2 
1 27 2 
1 18 9 
1 50 5 
2 16 5 26 2 
1 6 9 
1 18 4 
2 10 7 32 5 
1 12 5 
2 0 8 39 24 
1 11 1 
3 4 21 24 2 43 28 
4 40
