82 246 124
4 58 1 79 1 170 1 214 1 
3 41 1 63 1 195 1 
2 119 1 221 1 
5 8 1 105 1 135 1 146 1 150 1 
2 99 2 115 1 
4 17 1 26 1 153 1 230 1 
5 25 1 94 1 120 1 175 1 242 1 
2 93 1 143 1 
2 89 1 97 1 
3 61 1 80 1 181 1 
3 33 1 205 3 218 1 
3 53 2 168 2 183 1 
7 21 1 44 1 46 1 117 1 147 1 151 1 154 1 
2 114 8 243 4 
2 98 1 133 1 
3 103 2 212 2 236 1 
4 15 1 132 1 156 1 192 1 
2 23 1 43 1 
11 6 1 16 1 35 1 57 1 65 1 85 1 113 1 134 1 163 1 188 1 200 1 
3 118 1 165 2 219 1 
2 5 1 187 1 
2 82 1 155 1 
5 55 2 70 1 138 1 198 2 201 3 
3 3 1 30 1 220 1 
2 122 1 193 1 
3 24 1 174 1 196 1 
3 11 1 139 2 166 2 
2 28 1 84 1 
2 75 1 215 1 
2 71 1 88 1 
2 14 1 197 1 
3 78 1 149 1 173 1 
2 34 1 130 1 
2 76 2 144 6 
8 60 1 66 1 127 1 157 1 160 1 178 1 189 1 227 1 
6 107 1 141 1 164 2 209 4 233 2 240 1 
4 27 1 36 1 37 1 52 1 
2 18 1 229 1 
2 29 1 206 1 
3 184 1 203 1 237 1 
2 182 1 216 1 
3 32 1 162 1 210 1 
2 49 1 104 1 
1 121 2 
2 59 1 208 1 
2 13 1 194 1 
2 45 1 171 1 
3 62 2 131 2 228 2 
2 100 1 111 1 
2 56 1 191 1 
3 7 10 40 2 48 1 
6 4 1 31 1 39 1 126 1 153 1 213 1 
2 38 1 242 1 
7 47 1 64 1 186 1 207 1 217 1 231 1 245 1 
3 2 1 81 1 244 1 
4 51 3 86 1 142 4 199 1 
3 12 1 183 1 211 1 
1 185 7 
5 68 1 77 1 83 1 109 1 224 1 
2 50 1 74 1 
2 129 4 226 1 
3 148 1 177 2 241 1 
1 69 2 
2 90 4 145 1 
3 20 1 123 1 234 1 
2 110 5 152 5 
2 73 1 204 1 
2 54 1 222 1 
3 22 1 101 1 176 1 
6 1 1 67 1 91 1 102 1 112 1 225 1 
2 108 1 238 1 
4 10 1 106 1 202 4 235 4 
2 128 5 137 5 
3 0 1 19 1 72 1 
2 190 2 239 2 
3 124 1 140 1 158 1 
3 95 1 159 1 179 1 
3 87 1 167 1 172 2 
1 96 1 
6 9 1 92 1 125 1 136 1 169 1 232 1 
2 116 2 223 2 
3 42 1 161 1 180 1 
10 15 1 26 9 49 2 58 6 91 15 102 9 179 15 180 5 223 28 235 59 
2 26 1 179 12 
4 36 10 62 9 140 14 192 16 
2 179 13 213 5 
5 0 1 96 5 172 2 179 10 216 6 
13 5 1 24 49 25 5 26 1 30 1 68 2 74 10 81 1 89 2 97 22 101 22 133 1 149 11 
2 38 7 60 1 
9 33 8 107 12 118 20 135 3 150 30 165 38 198 15 201 3 219 4 
3 36 20 98 1 167 13 
7 48 3 74 1 79 7 98 1 100 1 182 3 216 1 
1 195 162 
2 20 3 167 1 
7 5 3 26 16 78 36 179 1 195 4 196 5 238 3 
5 18 1 167 3 179 1 194 3 222 10 
9 17 16 26 34 89 2 111 1 139 1 140 1 147 1 149 1 179 15 
3 77 8 119 30 216 6 
25 4 1 31 8 32 17 35 1 51 5 55 13 59 1 61 19 71 25 73 16 85 6 90 3 99 15 112 1 113 1 128 52 134 1 137 8 138 1 144 32 181 42 205 62 218 2 231 1 242 1 
8 14 6 26 1 41 1 49 1 52 3 72 10 89 12 109 11 
4 132 2 180 4 197 17 216 3 
3 20 6 26 1 179 13 
9 26 9 40 16 62 10 74 11 101 6 174 60 195 1 203 23 235 50 
10 13 1 41 1 56 1 58 2 89 4 125 1 140 7 195 3 196 13 228 9 
3 26 1 179 14 222 8 
6 23 18 70 4 122 1 179 13 215 1 222 7 
10 49 2 62 7 77 4 89 6 111 1 123 4 179 8 180 1 185 4 220 5 
4 3 2 48 2 79 1 195 2 
11 8 7 107 10 118 3 148 1 150 7 165 1 178 2 198 20 201 1 212 5 230 12 
4 50 1 139 3 147 15 174 42 
4 26 4 43 17 179 14 197 1 
9 37 1 49 2 58 3 77 1 89 4 96 15 179 14 187 4 215 3 
4 21 16 124 5 167 6 179 13 
4 26 17 62 10 174 19 179 9 
7 1 5 49 1 74 5 89 6 111 3 123 6 223 1 
4 27 7 117 9 179 11 216 6 
6 107 24 118 40 135 1 148 12 150 12 219 6 
11 33 9 103 4 107 5 118 1 148 1 150 2 165 1 178 1 198 2 201 2 209 14 
2 44 4 154 5 
2 48 1 79 1 
3 26 1 179 1 194 8 
15 7 5 24 25 26 4 41 1 42 4 49 1 89 8 101 16 140 8 179 15 187 1 191 35 195 4 215 1 216 1 
4 26 4 100 1 179 14 194 2 
2 77 1 89 14 
3 119 23 121 3 216 2 
25 6 5 31 3 32 6 47 2 51 12 55 23 57 3 61 23 65 110 71 30 85 9 88 14 105 1 112 12 120 3 128 12 134 4 137 24 163 20 169 26 175 4 186 16 231 10 242 12 245 4 
7 48 1 77 14 97 32 111 2 191 1 193 8 226 2 
2 79 2 179 407 
4 178 2 198 325 201 1 243 51 
7 26 17 86 18 161 9 179 9 180 3 184 30 196 18 
3 152 6 179 13 232 1 
6 20 1 26 16 40 10 89 6 96 11 203 1 
4 26 13 126 10 143 12 179 14 
16 15 3 26 17 29 1 48 2 49 2 62 10 74 1 89 11 111 2 123 13 131 6 139 12 179 10 195 1 223 10 228 13 
6 24 7 77 8 104 9 119 18 179 13 213 25 
1 17 13 
6 48 1 49 4 79 3 89 3 123 3 149 25 
5 86 12 126 11 169 26 205 83 213 1 
9 13 5 15 1 20 3 161 6 203 12 213 1 216 1 220 6 235 40 
4 26 7 82 23 179 15 194 2 
10 12 24 13 12 63 4 76 27 84 1 91 11 170 19 196 30 215 4 228 7 
3 13 7 56 5 179 13 
10 17 4 89 8 111 2 131 3 149 9 158 1 192 3 199 3 206 5 244 7 
13 53 7 66 12 114 48 127 23 142 7 157 1 164 1 183 8 189 23 190 64 204 30 211 7 213 1 
3 67 10 179 14 216 4 
14 8 7 69 34 107 8 118 20 150 9 165 20 178 3 198 5 201 6 209 1 212 1 219 1 230 5 243 1 
2 42 1 216 12 
4 79 6 224 69 238 3 244 4 
13 7 3 49 1 86 9 89 2 96 15 111 2 132 4 139 1 176 2 179 16 187 1 195 6 220 6 
7 13 8 26 14 82 13 83 11 143 29 167 4 179 14 
5 26 1 56 1 62 5 77 4 179 14 
2 161 12 179 14 
33 16 1 31 5 32 6 51 12 55 22 57 1 61 23 64 24 65 1 71 1 87 8 88 25 90 4 99 28 105 9 112 12 120 1 128 1 129 46 134 3 137 1 138 22 144 31 153 178 162 2 175 20 181 28 188 3 208 5 210 8 218 1 240 6 242 12 
3 37 3 117 1 140 3 
10 48 2 52 3 77 10 89 7 123 2 136 1 179 3 180 12 221 1 229 9 
2 15 5 74 1 
7 118 40 165 34 178 6 201 2 230 12 233 3 243 1 
1 141 1 
4 26 5 110 2 179 13 223 7 
3 26 16 82 1 223 1 
9 2 9 18 1 26 11 70 5 106 6 119 9 124 2 179 12 194 3 
7 40 8 58 6 89 7 116 13 159 4 179 15 213 8 
15 17 4 22 2 24 14 26 17 75 1 89 1 111 3 131 12 179 15 185 3 220 5 222 2 223 1 228 14 244 4 
3 24 12 179 13 216 12 
1 200 64 
12 5 1 11 34 19 1 20 2 30 2 49 1 89 1 123 10 155 2 197 10 207 1 241 1 
3 39 8 94 4 95 5 
2 167 21 216 2 
11 15 11 19 3 26 10 28 8 74 6 86 12 89 13 106 5 179 14 191 33 215 5 
5 27 1 81 34 141 5 179 10 194 10 
6 26 640 89 11 195 4 203 6 228 9 235 45 
6 26 3 70 1 77 1 117 2 185 50 215 2 
6 10 7 29 10 124 5 179 15 202 15 213 15 
13 53 16 66 1 142 1 146 21 153 1 157 18 160 5 164 5 168 2 183 12 213 1 227 24 239 7 
13 62 10 74 4 77 24 89 11 108 2 109 13 111 2 123 1 131 6 140 2 149 1 179 10 187 2 
8 9 4 34 21 45 2 69 7 130 4 171 30 177 51 201 1111 
5 48 2 77 14 79 3 191 17 228 1 
1 174 59 
5 7 1 26 17 89 10 101 8 187 4 
6 50 1 122 1 158 3 167 10 173 2 179 13 
3 2 1 13 2 179 9 
10 26 13 62 10 77 2 78 12 82 1 96 5 139 10 140 12 179 7 199 1 
11 0 5 14 2 52 3 78 91 89 10 116 5 123 5 133 1 206 3 238 2 244 4 
3 23 11 179 8 216 6 
24 35 3 51 1 55 5 64 1 65 1 71 14 80 13 87 8 88 2 90 3 105 9 112 12 115 90 120 5 129 94 135 62 137 1 145 18 162 1 175 1 181 17 217 1 242 4 245 4 
5 36 3 46 5 50 1 151 4 216 7 
2 48 1 79 4 
5 92 3 107 3 150 8 198 1 201 3 
4 83 5 100 1 225 3 237 1 
6 13 5 49 2 101 9 220 5 221 1 235 22 
3 179 10 194 2 234 27 
9 5 2 89 12 93 9 111 3 131 12 166 4 179 15 220 5 228 14 
2 54 1 200 1 
3 156 2 179 4 216 6 
1 39 8 
7 56 18 81 71 82 20 89 4 123 5 179 9 244 4 
1 72 1 
1 13 1 
5 26 16 74 22 101 22 191 3 214 8 
5 12 12 89 5 110 6 180 2 195 1 
5 17 19 26 16 179 14 222 8 244 2 
6 22 3 26 1 40 4 41 1 89 7 179 3 
1 179 12 
6 9 3 45 1 60 181 171 17 177 1 236 12 
1 50 4 
3 77 14 100 1 244 4 
33 106
