2257 2104 134
1 747 1 
1 69 1 
1 840 2 
1 1647 1 
1 490 1 
1 1642 1 
1 236 1 
1 1938 1 
1 1743 1 
1 1441 1 
1 608 2 
1 150 1 
1 500 1 
1 1790 1 
1 1687 1 
1 37 1 
1 1509 1 
1 140 1 
1 671 2 
1 411 1 
1 2091 1 
1 75 1 
1 90 1 
1 491 1 
1 224 2 
1 1240 2 
1 944 2 
1 675 1 
1 310 2 
1 846 1 
1 1584 1 
1 1144 1 
1 952 1 
1 482 1 
1 74 1 
1 1725 1 
1 703 1 
1 1615 1 
1 1301 1 
1 1560 2 
1 570 1 
1 1645 1 
1 849 1 
1 1038 1 
1 915 1 
1 662 1 
1 214 1 
1 13 1 
1 129 1 
1 644 1 
1 1913 1 
1 1071 1 
1 1114 1 
1 1838 4 
1 1601 1 
1 1108 1 
1 1490 1 
1 1726 1 
1 508 1 
1 356 1 
1 1149 1 
1 1012 1 
1 1386 1 
1 1164 1 
1 1961 1 
1 1352 1 
1 1360 1 
1 552 1 
1 871 1 
1 287 1 
1 1978 1 
1 1537 1 
1 1652 2 
1 1236 1 
1 857 1 
1 142 1 
1 614 1 
1 481 1 
1 399 4 
1 820 1 
1 1669 1 
1 126 1 
1 943 1 
1 667 1 
1 2099 1 
1 2102 1 
1 1461 1 
1 2023 1 
1 1176 1 
1 570 1 
1 756 1 
1 89 1 
1 251 1 
1 206 2 
1 234 2 
1 253 1 
1 870 1 
1 1587 1 
1 44 1 
1 1306 2 
1 1531 1 
1 1834 1 
1 1881 1 
1 1995 1 
1 1065 1 
1 1846 1 
1 1933 1 
1 1392 1 
1 132 1 
1 488 1 
1 470 1 
1 1336 1 
1 304 1 
1 1992 1 
1 1690 1 
1 1563 1 
1 2064 1 
1 617 1 
1 1137 1 
1 730 5 
1 1975 1 
1 1826 2 
1 382 1 
1 828 1 
1 1985 1 
1 648 1 
1 1158 1 
1 1682 1 
1 900 1 
1 271 1 
1 581 2 
1 1982 1 
1 1417 1 
1 1208 1 
1 1918 1 
1 1762 1 
1 1571 1 
1 1373 1 
1 1888 1 
1 205 1 
1 504 1 
1 890 1 
1 1501 2 
1 1297 1 
1 2058 1 
1 727 1 
1 956 1 
1 1616 1 
1 1928 1 
1 1064 1 
1 2078 2 
1 800 1 
1 18 1 
1 109 1 
1 526 2 
1 605 1 
1 210 1 
1 103 2 
1 36 1 
1 1486 1 
1 137 1 
1 1033 1 
1 28 1 
1 1507 6 
1 311 2 
1 906 1 
1 1271 1 
1 333 4 
1 2038 1 
1 1276 2 
1 1753 1 
1 1733 1 
1 35 1 
1 649 2 
1 1991 1 
1 1463 1 
1 1234 2 
1 1559 1 
1 1371 3 
1 1867 1 
1 1539 1 
1 365 1 
1 108 1 
1 364 1 
1 497 1 
1 1951 1 
1 1265 5 
1 951 1 
1 338 1 
1 300 1 
1 1741 1 
1 1333 3 
1 979 12 
1 127 2 
1 1990 1 
1 1564 1 
1 1083 1 
1 1912 1 
1 431 1 
1 1691 1 
1 1127 1 
1 485 1 
1 350 1 
1 149 1 
1 1314 1 
1 301 1 
1 2086 1 
1 1217 1 
1 637 1 
1 1998 6 
1 1302 1 
1 925 1 
1 1170 1 
1 1598 1 
1 417 1 
1 2072 1 
1 143 4 
1 1000 1 
1 1569 1 
1 428 1 
1 42 1 
1 1369 3 
1 278 1 
1 812 2 
1 2045 1 
1 308 1 
1 1398 1 
1 1526 1 
1 1883 1 
1 809 1 
1 1539 1 
1 263 1 
1 48 1 
1 659 1 
1 71 1 
1 2100 1 
1 1813 1 
1 328 1 
1 808 1 
1 1664 1 
1 688 1 
1 1162 1 
1 4 1 
1 483 1 
1 1462 1 
1 114 1 
1 861 1 
1 880 1 
1 1503 1 
1 102 3 
1 363 1 
1 761 1 
1 963 2 
1 2018 1 
1 131 1 
1 460 1 
1 1887 1 
1 1877 2 
1 716 1 
1 817 2 
1 1076 1 
1 502 1 
1 1227 1 
1 371 6 
1 366 1 
1 1529 1 
1 242 1 
1 1582 1 
1 560 1 
1 283 1 
1 327 1 
1 1029 1 
1 2075 1 
1 1235 1 
1 204 1 
1 1922 1 
1 1220 1 
1 1207 1 
1 1408 1 
1 822 1 
1 221 1 
1 518 1 
1 1627 1 
1 131 1 
1 1886 1 
1 1383 1 
1 208 1 
1 798 3 
1 1824 1 
1 1044 1 
1 463 1 
1 1775 1 
1 165 1 
1 231 1 
1 1361 1 
1 1157 1 
1 1005 1 
1 570 1 
1 14 5 
1 1445 1 
1 1177 1 
1 309 1 
1 1491 1 
1 1696 1 
1 155 1 
1 1994 1 
1 899 1 
1 1388 1 
1 1357 1 
1 527 1 
1 348 1 
1 1246 1 
1 1801 1 
1 623 1 
1 1955 1 
1 1203 6 
1 509 1 
1 431 1 
1 903 1 
1 316 1 
1 1198 1 
1 93 1 
1 1663 1 
1 1729 1 
1 937 1 
1 329 1 
1 902 1 
1 398 1 
1 1039 2 
1 1267 1 
1 1851 1 
1 179 1 
1 2012 1 
1 239 1 
1 330 1 
1 169 1 
1 1479 1 
1 1229 1 
1 540 1 
1 2020 1 
1 189 1 
1 1657 1 
1 707 2 
1 1807 1 
1 1798 1 
1 1150 2 
1 1515 1 
1 1488 2 
1 576 1 
1 743 1 
1 879 1 
1 1437 1 
1 1905 1 
1 572 1 
1 711 1 
1 1814 1 
1 852 1 
1 230 1 
1 1073 1 
1 1501 1 
1 892 2 
1 1446 1 
1 1525 1 
1 813 1 
1 1943 1 
1 340 5 
1 401 1 
1 638 1 
1 1974 1 
1 1865 1 
1 461 1 
1 20 1 
1 430 1 
1 587 1 
1 368 1 
1 1201 1 
1 744 2 
1 2087 1 
1 427 1 
1 1219 1 
1 422 1 
1 1051 1 
1 896 1 
1 2005 1 
1 207 1 
1 718 2 
1 1084 1 
1 1406 1 
1 101 1 
1 83 1 
1 247 2 
1 130 2 
1 1889 1 
1 802 1 
1 2010 1 
1 1288 1 
1 1167 1 
1 277 1 
1 1332 1 
1 171 1 
1 1400 1 
1 148 1 
1 500 1 
1 466 1 
1 941 1 
1 1908 5 
1 1232 1 
1 474 1 
1 499 1 
1 639 3 
1 565 1 
1 212 1 
1 1633 1 
1 783 1 
1 709 2 
1 1536 1 
1 1547 1 
1 556 1 
1 1986 1 
1 880 1 
1 860 7 
1 1847 1 
1 2073 10 
1 43 1 
1 1293 1 
1 846 1 
1 1334 1 
1 63 1 
1 284 1 
1 115 1 
1 1073 1 
1 458 1 
1 264 1 
1 2027 1 
1 1010 1 
1 1903 2 
1 2022 1 
1 1558 1 
1 785 1 
1 582 1 
1 1058 1 
1 1996 1 
1 233 1 
1 177 1 
1 806 1 
1 1533 1 
1 1109 1 
1 764 1 
1 410 1 
1 566 1 
1 657 1 
1 475 2 
1 1822 1 
1 993 1 
1 142 1 
1 174 1 
1 136 1 
1 39 1 
1 1324 1 
1 854 1 
1 1285 1 
1 66 1 
1 1523 1 
1 733 1 
1 1579 1 
1 672 1 
1 1927 1 
1 540 1 
1 6 1 
1 53 1 
1 875 1 
1 513 1 
1 273 1 
1 1014 1 
1 777 1 
1 976 1 
1 453 1 
1 1829 1 
1 1805 1 
1 597 1 
1 1565 1 
1 908 3 
1 598 1 
1 1382 1 
1 1291 1 
1 1793 1 
1 1843 1 
1 1701 1 
1 1540 1 
1 1226 1 
1 501 1 
1 1216 1 
1 1747 1 
1 1631 1 
1 1475 1 
1 312 1 
1 1487 1 
1 2025 1 
1 281 1 
1 760 1 
1 107 1 
1 640 1 
1 1449 1 
1 1855 1 
1 1193 1 
1 2062 1 
1 64 1 
1 1512 2 
1 377 1 
1 632 1 
1 349 1 
1 619 1 
1 462 1 
1 122 1 
1 721 1 
1 289 1 
1 163 1 
1 121 2 
1 1538 1 
1 58 1 
1 990 1 
1 531 1 
1 199 1 
1 1401 1 
1 1586 1 
1 826 1 
1 541 2 
1 1737 1 
1 76 1 
1 1782 1 
1 2015 1 
1 682 1 
1 611 1 
1 493 1 
1 559 1 
1 209 1 
1 2000 1 
1 1132 1 
1 1837 1 
1 546 1 
1 79 1 
1 1942 1 
1 1253 12 
1 1939 1 
1 1129 1 
1 1591 1 
1 131 1 
1 2058 1 
1 1424 1 
1 980 1 
1 838 1 
1 1020 1 
1 1872 1 
1 874 1 
1 2037 1 
1 2042 1 
1 1517 1 
1 2081 1 
1 690 1 
1 1693 1 
1 1966 2 
1 603 1 
1 633 1 
1 60 1 
1 1635 2 
1 1893 1 
1 1740 1 
1 1772 1 
1 1914 1 
1 421 1 
1 1542 1 
1 1704 4 
1 12 1 
1 321 1 
1 1566 1 
1 1033 1 
1 787 1 
1 573 1 
1 15 1 
1 1514 1 
1 2024 1 
1 1751 1 
1 2040 3 
1 773 1 
1 1954 2 
1 969 1 
1 1831 1 
1 999 3 
1 1140 1 
1 754 1 
1 237 2 
1 2049 1 
1 369 1 
1 1110 2 
1 1252 1 
1 844 1 
1 1738 1 
1 1019 1 
1 591 1 
1 547 2 
1 1257 1 
1 1365 1 
1 1437 1 
1 503 1 
1 822 1 
1 1959 1 
1 243 2 
1 1969 1 
1 1763 1 
1 799 1 
1 512 1 
1 2054 1 
1 561 1 
1 1473 1 
1 745 1 
1 1294 3 
1 418 1 
1 1093 1 
1 2008 1 
1 1292 1 
1 752 1 
1 561 1 
1 1508 1 
1 1452 1 
1 1303 1 
1 2044 1 
1 1714 1 
1 2060 3 
1 1789 1 
1 584 1 
1 184 1 
1 1290 1 
1 1752 1 
1 1898 1 
1 1390 2 
1 1327 1 
1 318 1 
1 510 2 
1 1756 1 
1 181 2 
1 164 1 
1 699 1 
1 147 1 
1 742 1 
1 851 4 
1 880 1 
1 1839 2 
1 1465 1 
1 545 1 
1 618 1 
1 2014 1 
1 982 1 
1 1985 1 
1 708 1 
1 1940 2 
1 317 1 
1 124 3 
1 780 6 
1 1317 1 
1 858 1 
1 2019 3 
1 1562 1 
1 1225 2 
1 1779 1 
1 1574 1 
1 1808 1 
1 1329 1 
1 695 1 
1 1046 1 
1 2076 1 
1 959 1 
1 1105 1 
1 1061 1 
1 2068 1 
1 529 1 
1 183 1 
1 1183 2 
1 172 1 
1 344 1 
1 1153 1 
1 1600 1 
1 642 1 
1 569 1 
1 1651 4 
1 180 1 
1 1367 1 
1 1850 2 
1 447 1 
1 1553 1 
1 1070 1 
1 1097 3 
1 1030 1 
1 1543 1 
1 887 1 
1 456 1 
1 2096 1 
1 1952 1 
1 1407 1 
1 949 1 
1 1104 1 
1 1759 1 
1 1746 1 
1 577 1 
1 1172 1 
1 2056 1 
1 1842 1 
1 1796 1 
1 566 1 
1 381 1 
1 1032 1 
1 1128 1 
1 550 1 
1 1467 1 
1 1307 1 
1 930 1 
1 1585 1 
1 1561 1 
1 131 1 
1 477 2 
1 378 1 
1 1277 1 
1 1764 1 
1 1857 1 
1 2088 2 
1 1925 1 
1 240 1 
1 1100 2 
1 1987 1 
1 1610 1 
1 1021 1 
1 272 1 
1 811 1 
1 1149 1 
1 2085 1 
1 1722 1 
1 864 1 
1 1929 1 
1 821 1 
1 702 2 
1 654 1 
1 772 1 
1 78 1 
1 413 1 
1 288 1 
1 1520 1 
1 1629 2 
1 2071 1 
1 232 1 
1 1868 1 
1 2002 1 
1 1204 1 
1 55 1 
1 668 1 
1 1325 1 
1 2067 1 
1 1494 1 
1 445 1 
1 1923 1 
1 986 1 
1 131 1 
1 500 1 
1 738 1 
1 1223 1 
1 739 1 
1 843 1 
1 1013 2 
1 1024 3 
1 435 1 
1 592 1 
1 950 1 
1 1451 1 
1 557 1 
1 1259 2 
1 1305 1 
1 154 1 
1 1758 1 
1 1115 3 
1 917 1 
1 631 1 
1 768 1 
1 1770 3 
1 807 1 
1 997 1 
1 1280 1 
1 1985 1 
1 5 1 
1 27 1 
1 72 1 
1 1155 1 
1 1169 1 
1 1697 1 
1 1372 1 
1 1617 2 
1 255 1 
1 1299 1 
1 1806 1 
1 1396 1 
1 1210 1 
1 1715 1 
1 1497 1 
1 613 1 
1 1960 1 
1 1427 1 
1 1618 1 
1 1734 1 
1 1935 1 
1 2006 1 
1 280 1 
1 1604 1 
1 1174 1 
1 449 1 
1 1920 1 
1 1103 1 
1 801 1 
1 1662 1 
1 942 1 
1 1391 1 
1 96 1 
1 141 1 
1 1189 1 
1 1354 1 
1 731 1 
1 1215 2 
1 476 1 
1 1827 1 
1 701 1 
1 1659 1 
1 909 1 
1 543 1 
1 1602 1 
1 2011 1 
1 57 1 
1 593 4 
1 1483 1 
1 1092 1 
1 1189 1 
1 47 2 
1 602 4 
1 1660 1 
1 1636 2 
1 275 1 
1 1179 1 
1 1263 1 
1 519 1 
1 823 1 
1 1197 1 
1 2017 2 
1 524 1 
1 1082 1 
1 535 1 
1 1186 2 
1 2094 1 
1 1557 1 
1 1248 1 
1 935 1 
1 1413 1 
1 1619 1 
1 1946 1 
1 484 1 
1 691 1 
1 1866 1 
1 1272 2 
1 600 1 
1 1717 1 
1 131 1 
1 991 1 
1 217 1 
1 2046 2 
1 1976 1 
1 710 1 
1 758 1 
1 332 1 
1 2013 1 
1 22 1 
1 1011 1 
1 1716 1 
1 404 1 
1 2089 1 
1 515 1 
1 334 1 
1 1081 3 
1 528 1 
1 1477 1 
1 1472 1 
1 911 1 
1 87 1 
1 52 1 
1 1106 1 
1 433 1 
1 1859 1 
1 746 1 
1 929 1 
1 1936 1 
1 332 1 
1 822 1 
1 1656 1 
1 1495 1 
1 1056 1 
1 1212 1 
1 118 1 
1 538 1 
1 1658 1 
1 1979 1 
1 1919 2 
1 1047 1 
1 554 1 
1 1628 1 
1 1784 1 
1 265 1 
1 1405 1 
1 2065 1 
1 926 1 
1 2061 1 
1 1669 1 
1 41 1 
1 436 1 
1 2003 1 
1 2069 1 
1 31 1 
1 1286 1 
1 872 1 
1 836 1 
1 1148 1 
1 1397 1 
1 1570 1 
1 2088 1 
1 938 1 
1 916 1 
1 1335 1 
1 627 1 
1 1962 1 
1 464 1 
1 1039 1 
1 357 3 
1 877 2 
1 724 1 
1 2036 1 
1 1192 1 
1 151 1 
1 104 1 
1 771 1 
1 803 1 
1 947 1 
1 451 1 
1 859 1 
1 610 1 
1 869 1 
1 1911 1 
1 202 5 
1 1632 1 
1 269 1 
1 1648 3 
1 97 1 
1 1688 1 
1 1504 1 
1 1124 1 
1 1727 1 
1 701 1 
1 1152 1 
1 406 1 
1 804 1 
1 1799 1 
1 267 1 
1 92 1 
1 922 1 
1 1003 1 
1 1528 1 
1 2051 1 
1 419 1 
1 1746 1 
1 1426 1 
1 1273 1 
1 633 1 
1 84 2 
1 1037 1 
1 286 1 
1 1034 1 
1 1989 1 
1 1368 1 
1 1399 1 
1 653 1 
1 434 1 
1 737 2 
1 442 1 
1 1780 1 
1 1063 2 
1 1699 1 
1 864 1 
1 30 1 
1 1331 1 
1 720 1 
1 729 1 
1 1244 1 
1 385 1 
1 616 1 
1 1891 1 
1 1377 1 
1 2051 1 
1 1934 4 
1 1609 1 
1 1015 1 
1 1583 1 
1 1997 1 
1 1163 1 
1 622 1 
1 793 1 
1 1339 1 
1 792 2 
1 1135 1 
1 1091 1 
1 402 2 
1 1707 1 
1 1985 1 
1 1712 1 
1 1387 5 
1 1436 1 
1 123 1 
1 1605 4 
1 257 1 
1 1500 1 
1 562 1 
1 630 1 
1 442 1 
1 2055 1 
1 1309 1 
1 135 1 
1 443 1 
1 1457 1 
1 50 1 
1 1351 1 
1 590 1 
1 1489 4 
1 678 1 
1 442 1 
1 1815 1 
1 1316 1 
1 537 1 
1 2046 1 
1 250 2 
1 1281 1 
1 452 1 
1 1692 2 
1 59 1 
1 1896 1 
1 1852 2 
1 1825 1 
1 478 1 
1 1404 1 
1 162 1 
1 1213 1 
1 1626 1 
1 759 1 
1 952 1 
1 1284 1 
1 254 5 
1 1754 3 
1 2033 1 
1 1221 1 
1 1375 1 
1 191 1 
1 1473 1 
1 585 1 
1 1180 1 
1 1173 1 
1 81 1 
1 1239 1 
1 975 1 
1 876 1 
1 1901 1 
1 1848 1 
1 2048 2 
1 647 1 
1 907 1 
1 1878 1 
1 1053 1 
1 471 1 
1 1180 1 
1 817 2 
1 776 1 
1 958 1 
1 1107 1 
1 1031 1 
1 2004 1 
1 722 1 
1 1622 1 
1 1101 1 
1 1909 1 
1 715 1 
1 683 1 
1 1458 1 
1 1545 1 
1 362 1 
1 2051 1 
1 1249 1 
1 465 2 
1 21 2 
1 1963 1 
1 1289 1 
1 1665 1 
1 527 1 
1 1315 1 
1 936 1 
1 1823 2 
1 595 1 
1 385 1 
1 868 2 
1 1460 1 
1 1418 1 
1 1412 1 
1 1187 1 
1 1588 1 
1 1425 1 
1 58 1 
1 796 1 
1 694 1 
1 1958 1 
1 1194 1 
1 679 1 
1 766 1 
1 717 1 
1 1420 1 
1 58 1 
1 291 1 
1 351 1 
1 1623 1 
1 1502 1 
1 1041 1 
1 815 1 
1 1496 1 
1 988 3 
1 211 1 
1 693 1 
1 628 1 
1 1068 1 
1 1159 1 
1 1791 1 
1 968 1 
1 1181 1 
1 403 1 
1 1755 1 
1 1841 1 
1 1080 3 
1 1027 1 
1 972 1 
1 1326 1 
1 26 1 
1 1638 1 
1 1482 1 
1 131 1 
1 487 1 
1 9 1 
1 525 1 
1 1322 1 
1 994 1 
1 1546 1 
1 222 1 
1 1993 1 
1 70 1 
1 1873 1 
1 1143 1 
1 354 1 
1 2059 1 
1 985 1 
1 1844 1 
1 1359 1 
1 1910 4 
1 621 1 
1 293 1 
1 380 1 
1 353 1 
1 1211 1 
1 1370 2 
1 1768 1 
1 1511 2 
1 1978 2 
1 714 1 
1 972 1 
1 791 1 
1 1328 1 
1 1948 2 
1 842 1 
1 33 1 
1 201 1 
1 1503 3 
1 1749 1 
1 1621 1 
1 1060 1 
1 934 1 
1 244 1 
1 1363 1 
1 429 1 
1 1204 1 
1 1385 1 
1 1485 1 
1 468 1 
1 1117 1 
1 1121 1 
1 1338 1 
1 1395 2 
1 586 1 
1 1419 1 
1 1984 1 
1 1944 1 
1 901 1 
1 1142 1 
1 1614 1 
1 387 1 
1 919 1 
1 99 1 
1 1018 1 
1 1098 1 
1 1216 1 
1 865 1 
1 11 1 
1 1781 2 
1 407 1 
1 111 1 
1 1906 1 
1 1703 1 
1 1623 1 
1 960 1 
1 1335 1 
1 955 1 
1 1854 1 
1 1776 1 
1 564 1 
1 1228 1 
1 1230 1 
1 1102 1 
1 1209 4 
1 1821 1 
1 256 1 
1 479 4 
1 1863 1 
1 385 1 
1 1577 1 
1 1644 1 
1 315 1 
1 1797 1 
1 1022 1 
1 894 2 
1 1414 1 
1 516 1 
1 967 1 
1 1670 1 
1 1732 2 
1 299 3 
1 882 1 
1 1917 1 
1 1957 1 
1 1643 1 
1 558 2 
1 1683 1 
1 837 1 
1 290 1 
1 1699 1 
1 2096 1 
1 881 1 
1 862 1 
1 1435 1 
1 920 1 
1 1453 1 
1 1266 1 
1 652 1 
1 645 1 
1 23 1 
1 1278 1 
1 1364 1 
1 1573 1 
1 1430 1 
1 1465 1 
1 1026 1 
1 825 1 
1 131 1 
1 570 1 
1 47 1 
1 85 1 
1 1967 1 
1 928 1 
1 1595 1 
1 260 1 
1 1661 1 
1 1997 1 
1 681 1 
1 971 2 
1 182 1 
1 1945 2 
1 939 1 
1 1684 1 
1 1941 1 
1 61 1 
1 116 1 
1 1947 1 
1 1199 2 
1 932 1 
1 924 1 
1 1008 1 
1 1464 1 
1 1685 1 
1 196 1 
1 961 1 
1 685 1 
1 1543 1 
1 385 1 
1 1513 1 
1 297 1 
1 1666 1 
1 1700 5 
1 98 1 
1 252 1 
1 1296 1 
1 1126 1 
1 784 1 
1 1222 1 
1 1545 1 
1 533 1 
1 629 1 
1 1190 1 
1 566 1 
1 827 1 
1 1349 1 
1 992 1 
1 1391 1 
1 1856 1 
1 1915 1 
1 385 1 
1 144 1 
1 1 1 
1 1519 1 
1 1191 1 
1 455 1 
1 279 1 
1 1527 1 
1 1270 1 
1 713 1 
1 834 1 
1 1721 1 
1 1411 1 
1 1707 1 
1 82 2 
1 1279 1 
1 511 1 
1 1518 3 
1 814 1 
1 987 1 
1 1625 2 
1 1655 1 
1 2097 1 
1 1376 1 
1 375 1 
1 1620 2 
1 1050 1 
1 1473 1 
1 1983 1 
1 962 1 
1 1750 1 
1 1680 1 
1 753 2 
1 735 1 
1 867 1 
1 933 3 
1 500 1 
1 1185 1 
1 441 1 
1 782 1 
1 1649 3 
1 1358 1 
1 1578 1 
1 527 1 
1 1095 1 
1 646 1 
1 1597 1 
1 1323 1 
1 105 1 
1 521 1 
1 1264 1 
1 1550 1 
1 258 1 
1 1131 1 
1 520 1 
1 1916 1 
1 687 2 
1 1671 1 
1 1977 1 
1 298 1 
1 1287 1 
1 973 1 
1 1981 1 
1 386 2 
1 750 1 
1 1147 1 
1 2074 1 
1 1416 1 
1 1275 1 
1 601 1 
1 1298 1 
1 1594 1 
1 1902 1 
1 227 2 
1 80 1 
1 952 1 
1 981 1 
1 1072 1 
1 1059 1 
1 24 1 
1 989 1 
1 1650 3 
1 1214 1 
1 1321 1 
1 814 1 
1 940 1 
1 392 1 
1 1218 1 
1 957 1 
1 341 1 
1 65 1 
1 1119 1 
1 325 1 
1 2021 1 
1 1233 1 
1 523 2 
1 673 3 
1 215 1 
1 276 2 
1 1258 1 
1 245 1 
1 1921 1 
1 414 1 
1 195 1 
1 397 2 
1 677 1 
1 789 1 
1 1125 1 
1 532 1 
1 835 1 
1 395 1 
1 1429 1 
1 168 1 
1 2051 1 
1 2053 1 
1 1803 1 
1 1675 1 
1 1730 1 
1 1835 1 
1 2046 1 
1 1123 1 
1 1175 1 
1 781 1 
1 444 8 
1 405 1 
1 506 2 
1 1443 1 
1 2095 1 
1 374 1 
1 1074 1 
1 1007 1 
1 1254 1 
1 1641 1 
1 1274 1 
1 1348 5 
1 1637 1 
1 1260 1 
1 970 1 
1 391 1 
1 2084 5 
1 274 1 
1 1111 4 
1 1171 1 
1 88 1 
1 666 1 
1 220 1 
1 866 2 
1 1774 1 
1 719 1 
1 495 1 
1 388 1 
1 1522 1 
1 1154 1 
1 1812 1 
1 2034 1 
1 1113 1 
1 1757 1 
1 1017 1 
1 635 1 
1 698 1 
1 379 1 
1 788 1 
1 606 1 
1 2077 1 
1 1043 1 
1 1057 1 
1 1283 1 
1 749 1 
1 1861 1 
1 884 1 
1 539 1 
1 1118 1 
1 73 3 
1 1282 1 
1 553 1 
1 1136 1 
1 551 1 
1 1783 1 
1 964 1 
1 696 1 
1 1268 1 
1 56 1 
1 931 1 
1 2079 1 
1 1312 1 
1 1511 1 
1 2075 1 
1 319 1 
1 736 1 
1 1869 1 
1 1973 1 
1 198 1 
1 978 1 
1 912 2 
1 1654 1 
1 725 1 
1 1988 1 
1 1552 1 
1 2080 1 
1 1081 2 
1 1862 2 
1 1394 1 
1 189 1 
1 359 1 
1 440 1 
1 1269 1 
1 1965 1 
1 507 2 
1 29 1 
1 384 1 
1 974 2 
1 1980 1 
1 688 1 
1 292 1 
1 1576 1 
1 1345 1 
1 848 1 
1 1454 1 
1 146 1 
1 1196 1 
1 229 1 
1 534 1 
1 498 1 
1 1530 1 
1 1677 1 
1 296 1 
1 1828 1 
1 897 1 
1 669 1 
1 1723 1 
1 1985 1 
1 138 1 
1 1470 1 
1 580 1 
1 2101 1 
1 128 1 
1 1834 1 
1 2052 1 
1 339 1 
1 692 1 
1 266 1 
1 1516 1 
1 161 1 
1 2054 1 
1 1049 1 
1 1708 1 
1 307 2 
1 1255 2 
1 249 1 
1 1469 1 
1 998 1 
1 624 1 
1 839 2 
1 94 1 
1 1636 1 
1 1455 1 
1 1860 1 
1 1773 2 
1 1438 1 
1 1004 1 
1 918 1 
1 1078 2 
1 1188 1 
1 1787 1 
1 500 1 
1 1972 1 
1 1096 1 
1 1493 1 
1 1473 1 
1 347 1 
1 910 1 
1 1006 1 
1 555 1 
1 480 1 
1 845 1 
1 996 1 
1 1035 1 
1 133 1 
1 54 1 
1 261 1 
1 1554 2 
1 1922 1 
1 732 1 
1 594 1 
1 1719 1 
1 185 1 
1 153 1 
1 500 1 
1 704 1 
1 1679 1 
1 1718 1 
1 454 1 
1 995 1 
1 748 1 
1 489 1 
1 1042 1 
1 446 1 
1 575 1 
1 1606 3 
1 1431 1 
1 139 1 
1 566 1 
1 762 1 
1 2063 2 
1 424 1 
1 291 1 
1 1112 1 
1 680 1 
1 830 1 
1 794 1 
1 824 2 
1 505 1 
1 331 1 
1 2092 1 
1 626 1 
1 1343 2 
1 625 1 
1 1340 1 
1 654 1 
1 175 2 
1 2039 1 
1 2016 1 
1 1054 1 
1 431 1 
1 352 1 
1 1695 1 
1 850 1 
1 831 2 
1 1744 1 
1 834 1 
1 1836 1 
1 903 21 
1 1999 2 
1 587 1 
1 579 1 
1 396 1 
1 903 4 
1 674 1 
1 700 1 
1 1880 1 
1 1678 2 
1 393 1 
1 1434 2 
1 313 1 
1 77 3 
1 134 1 
1 1736 1 
1 1870 1 
1 1310 1 
1 1802 10 
1 1820 1 
1 10 1 
1 972 1 
1 1099 1 
1 1706 1 
1 1353 1 
1 423 1 
1 767 1 
1 195 1 
1 517 6 
1 1817 1 
1 457 1 
1 38 1 
1 1788 1 
1 889 1 
1 1767 1 
1 320 1 
1 863 1 
1 448 1 
1 218 1 
1 2026 1 
1 1499 1 
1 1247 1 
1 2001 2 
1 583 1 
1 160 1 
1 212 1 
1 895 1 
1 248 2 
1 1924 2 
1 1804 1 
1 1241 1 
1 1300 1 
1 786 1 
1 2050 1 
1 1481 1 
1 589 1 
1 898 1 
1 1833 1 
1 607 2 
1 1304 1 
1 1145 1 
1 190 1 
1 1311 1 
1 1206 1 
1 1611 1 
1 360 1 
1 1510 3 
1 1028 1 
1 1916 1 
1 954 1 
1 1134 3 
1 596 1 
1 51 1 
1 765 1 
1 246 1 
1 2065 1 
1 1544 1 
1 1005 1 
1 302 1 
1 769 1 
1 1885 1 
1 1608 1 
1 706 1 
1 1342 1 
1 95 2 
1 472 2 
1 1906 1 
1 1590 1 
1 589 1 
1 757 1 
1 394 1 
1 1139 1 
1 953 1 
1 2103 1 
1 1178 1 
1 1931 2 
1 514 1 
1 170 1 
1 1731 1 
1 1567 1 
1 1592 1 
1 561 1 
1 7 1 
1 1646 1 
1 1168 1 
1 1702 1 
1 1011 4 
1 904 1 
1 921 1 
1 1484 1 
1 1748 1 
1 1705 1 
1 548 1 
1 810 2 
1 1840 1 
1 570 1 
1 459 1 
1 651 4 
1 346 2 
1 1409 1 
1 847 1 
1 1589 1 
1 1668 1 
1 197 1 
1 125 1 
1 1086 1 
1 1674 2 
1 1459 1 
1 1146 1 
1 336 1 
1 1088 1 
1 1156 1 
1 1640 1 
1 370 1 
1 779 1 
1 268 1 
1 1899 1 
1 1521 1 
1 1745 2 
1 829 2 
1 1120 1 
1 1624 1 
1 1079 1 
1 2083 2 
1 790 3 
1 3 1 
1 1319 1 
1 1786 1 
1 1500 1 
1 1845 1 
1 156 2 
1 1161 1 
1 1202 1 
1 1089 1 
1 983 1 
1 1052 1 
1 914 1 
1 1580 2 
1 1238 3 
1 194 1 
1 1890 1 
1 1524 1 
1 120 1 
1 661 1 
1 1608 1 
1 770 1 
1 655 1 
1 1876 2 
1 1242 2 
1 1653 1 
1 1603 1 
1 1009 1 
1 1713 3 
1 1410 2 
1 885 1 
1 1971 1 
1 1362 1 
1 1087 1 
1 158 1 
1 568 1 
1 1809 1 
1 578 1 
1 473 1 
1 684 1 
1 1534 1 
1 1879 1 
1 856 1 
1 1800 1 
1 1694 1 
1 1347 1 
1 1433 1 
1 1593 1 
1 878 1 
1 2009 1 
1 634 1 
1 658 1 
1 159 1 
1 1811 1 
1 1245 1 
1 373 1 
1 797 1 
1 697 1 
1 1709 1 
1 1897 1 
1 437 1 
1 2049 1 
1 1548 1 
1 805 1 
1 486 1 
1 663 1 
1 945 2 
1 178 1 
1 1298 1 
1 1985 1 
1 1295 1 
1 796 1 
1 167 1 
1 1563 1 
1 658 1 
1 946 1 
1 45 1 
1 2032 1 
1 198 1 
1 841 2 
1 2047 1 
1 873 1 
1 1250 1 
1 883 1 
1 1950 1 
1 1686 1 
1 796 1 
1 1025 1 
1 1892 1 
1 905 1 
1 1473 1 
1 358 2 
1 2090 1 
1 200 1 
1 1771 2 
1 1572 1 
1 1389 1 
1 1541 1 
1 1735 1 
1 832 1 
1 1532 1 
1 1075 3 
1 542 1 
1 1077 1 
1 1849 1 
1 1478 1 
1 1456 1 
1 544 1 
1 1785 1 
1 1308 2 
1 416 1 
1 235 6 
1 643 1 
1 853 3 
1 2030 1 
1 68 1 
1 1930 1 
1 1290 1 
1 2098 1 
1 1480 1 
1 2031 1 
1 1094 1 
1 755 1 
1 492 1 
1 913 1 
1 2070 7 
1 469 2 
1 1468 1 
1 226 1 
1 1596 1 
1 342 1 
1 412 1 
1 1874 1 
1 664 1 
1 1403 2 
1 390 1 
1 833 1 
1 1346 1 
1 1471 1 
1 948 1 
1 1141 1 
1 522 1 
1 1466 1 
1 303 1 
1 1949 1 
1 335 2 
1 1341 1 
1 213 1 
1 1794 4 
1 775 1 
1 1231 1 
1 355 1 
1 389 1 
1 689 1 
1 1085 2 
1 1739 2 
1 228 1 
1 337 1 
1 338 1 
1 420 1 
1 1742 1 
1 43 1 
1 134 1 
1 588 1 
1 1256 1 
1 438 2 
1 1380 1 
1 1816 1 
1 1549 1 
1 1818 1 
1 723 1 
1 1318 1 
1 67 1 
1 1402 1 
1 280 1 
1 259 1 
1 1036 1 
1 1634 1 
1 17 1 
1 1151 1 
1 888 1 
1 1672 1 
1 1884 3 
1 188 1 
1 1048 3 
1 778 1 
1 432 1 
1 285 6 
1 1871 1 
1 110 1 
1 819 1 
1 173 1 
1 270 1 
1 1440 1 
1 740 1 
1 367 1 
1 2028 1 
1 1184 1 
1 1439 1 
1 1243 1 
1 1205 1 
1 670 1 
1 425 1 
1 570 1 
1 381 1 
1 462 1 
1 19 1 
1 1956 1 
1 1724 1 
1 1864 1 
1 1720 1 
1 1055 1 
1 567 1 
1 1698 1 
1 1216 1 
1 131 1 
1 2082 1 
1 408 1 
1 1200 1 
1 977 1 
1 343 1 
1 1366 1 
1 1761 1 
1 34 1 
1 467 1 
1 25 2 
1 1810 2 
1 1728 2 
1 1685 1 
1 1374 1 
1 415 1 
1 1262 1 
1 1069 1 
1 306 1 
1 323 1 
1 1381 1 
1 574 1 
1 154 1 
1 131 1 
1 62 1 
1 1777 1 
1 117 1 
1 1598 1 
1 1968 1 
1 1551 2 
1 372 1 
1 345 1 
1 16 1 
1 1450 1 
1 1953 1 
1 383 1 
1 741 1 
1 400 1 
1 426 1 
1 1090 1 
1 46 1 
1 186 1 
1 1932 1 
1 112 1 
1 1133 1 
1 166 1 
1 1116 1 
1 891 1 
1 1415 1 
1 536 1 
1 496 1 
1 728 1 
1 2029 2 
1 1710 1 
1 923 1 
1 1165 1 
1 1045 1 
1 620 1 
1 216 1 
1 1313 1 
1 796 1 
1 223 4 
1 295 1 
1 1384 3 
1 1689 1 
1 1853 1 
1 1023 4 
1 1630 1 
1 1356 1 
1 1062 1 
1 774 1 
1 100 1 
1 1832 1 
1 1765 1 
1 984 1 
1 1676 1 
1 1422 1 
1 8 1 
1 1858 1 
1 965 1 
1 241 1 
1 157 1 
1 305 1 
1 1505 1 
1 106 1 
1 1016 1 
1 503 1 
1 660 1 
1 1556 1 
1 187 1 
1 1639 1 
1 816 1 
1 1673 1 
1 361 1 
1 751 1 
1 1882 2 
1 1122 1 
1 439 1 
1 1160 1 
1 1448 1 
1 1020 1 
1 636 1 
1 113 1 
1 1819 1 
1 665 1 
1 1379 1 
1 1355 1 
1 494 1 
1 1964 1 
1 2035 1 
1 1607 1 
1 1707 1 
1 2 2 
1 203 1 
1 1599 1 
1 549 1 
1 1066 1 
1 656 1 
1 604 1 
1 1498 1 
1 1895 1 
1 86 1 
1 1535 1 
1 1428 1 
1 1002 1 
1 563 1 
1 1040 1 
1 1492 1 
1 193 1 
1 1937 1 
1 612 2 
1 855 1 
1 1778 1 
1 927 1 
1 1001 2 
1 1067 1 
1 1613 2 
1 530 1 
1 1970 1 
1 2057 4 
1 1792 1 
1 2066 1 
1 818 1 
1 2007 1 
1 1182 2 
1 705 4 
1 1760 1 
1 763 1 
1 1795 1 
1 119 1 
1 326 1 
1 152 1 
1 560 1 
1 1926 1 
1 1350 1 
1 1900 1 
1 1444 1 
1 1432 1 
1 641 1 
1 1985 1 
1 1681 1 
1 1612 1 
1 1337 1 
1 1130 1 
1 176 1 
1 2043 1 
1 1344 1 
1 1894 1 
1 1555 1 
1 1769 1 
1 314 1 
1 650 1 
1 450 1 
1 1830 1 
1 145 1 
1 1421 1 
1 1442 1 
1 40 1 
1 219 1 
1 1752 1 
1 192 1 
1 1393 1 
1 599 1 
1 238 1 
1 1195 2 
1 1423 3 
1 49 1 
1 1875 1 
1 1766 2 
1 609 1 
1 0 1 
1 615 1 
1 2093 1 
1 1476 2 
1 717 1 
1 795 1 
1 966 1 
1 1166 1 
1 1568 1 
1 1195 2 
1 1261 1 
1 1224 1 
1 322 1 
1 676 1 
1 571 1 
1 686 1 
1 1320 1 
1 32 1 
1 2058 15 
1 225 2 
1 1575 1 
1 324 1 
1 1330 1 
1 1447 1 
1 1553 1 
1 282 1 
1 1505 1 
1 376 1 
1 409 1 
1 886 1 
1 1904 1 
1 1474 1 
1 726 1 
1 1237 1 
1 1667 1 
1 893 1 
1 2041 1 
1 1506 1 
1 91 1 
1 294 2 
1 864 1 
1 1138 1 
1 1702 1 
1 262 1 
1 734 1 
1 1907 2 
1 1251 1 
1 796 1 
1 1581 1 
1 712 1 
1 1711 1 
1 1378 1 
31 17 1 47 6 75 2 106 3 122 1 125 1 178 1 267 2 326 3 331 1 345 2 357 2 362 3 408 5 415 1 558 2 563 1 586 2 781 1 929 1 1050 2 1165 5 1181 1 1276 1 1348 1 1434 1 1438 1 1602 1 1685 1 2071 1 2082 1 
1 1245 1 
40 24 1 55 1 122 1 153 1 181 2 199 10 334 1 412 2 528 1 546 1 553 1 573 2 577 1 595 2 618 7 666 4 701 4 732 2 758 1 796 4 917 3 964 2 1017 1 1136 1 1138 3 1146 1 1222 1 1227 2 1236 2 1264 8 1297 1 1304 1 1569 6 1602 1 1650 4 1663 7 1978 4 2075 5 2080 3 2099 1 
7 145 1 147 1 255 1 1309 1 1348 11 1409 31 1542 1 
53 18 1 43 3 205 1 242 1 295 1 413 1 424 1 529 2 569 4 599 1 612 1 661 1 703 2 733 1 830 1 950 1 1044 1 1105 1 1138 2 1180 1 1192 1 1223 4 1383 16 1391 2 1428 17 1497 2 1510 3 1521 1 1527 1 1573 3 1576 1 1581 1 1613 3 1638 2 1652 1 1664 1 1665 3 1679 1 1702 2 1756 1 1758 3 1798 1 1802 4 1812 1 1867 1 1957 1 1958 2 1959 1 2031 1 2047 2 2060 1 2068 1 2076 1 
48 15 7 18 1 76 4 92 1 97 1 141 1 161 1 178 8 399 4 405 1 408 3 437 1 561 5 562 1 617 2 644 7 670 3 673 3 706 1 717 14 741 1 933 2 939 1 960 1 1064 1 1094 1 1145 8 1164 7 1202 1 1223 1 1244 3 1256 1 1328 4 1464 1 1548 3 1591 2 1623 2 1626 1 1635 1 1671 1 1694 4 1704 6 1759 1 1828 1 1841 3 1964 1 2005 1 2032 2 
126 19 3 43 2 47 8 72 7 161 1 173 1 220 2 230 2 256 1 260 1 272 2 283 2 319 1 340 1 343 1 349 1 355 1 360 4 362 1 381 1 386 1 401 1 463 9 566 2 586 1 604 1 629 1 659 3 670 4 680 4 717 20 729 1 741 1 761 4 763 1 766 2 772 1 773 1 790 1 802 1 807 1 810 4 815 1 824 1 827 6 852 9 855 2 861 1 865 1 869 4 870 2 871 4 872 2 910 2 913 1 955 1 963 1 973 2 976 6 985 1 1005 1 1041 2 1045 1 1049 3 1056 1 1072 1 1074 1 1112 1 1115 1 1118 7 1138 1 1145 2 1149 5 1180 4 1195 2 1204 1 1236 1 1239 2 1250 1 1276 1 1337 4 1371 1 1387 2 1388 1 1444 1 1460 1 1476 8 1507 2 1539 2 1578 2 1598 1 1623 1 1633 1 1668 5 1677 2 1681 2 1691 2 1692 1 1702 1 1770 1 1780 2 1832 1 1840 1 1857 3 1882 1 1888 2 1901 3 1911 1 1945 3 1946 1 1960 1 1961 2 1982 1 2022 1 2023 1 2034 2 2035 2 2039 1 2053 2 2054 1 2055 1 2061 1 2068 2 2078 1 2082 1 2091 2 
153 11 1 47 2 54 5 63 1 74 1 93 1 100 2 123 3 138 1 144 1 166 2 194 3 203 1 224 3 228 1 237 1 248 4 269 1 304 1 312 1 319 1 384 1 394 1 415 2 416 1 436 1 443 1 445 1 458 1 462 17 465 1 469 1 478 1 493 1 525 1 533 2 547 1 566 2 630 1 642 1 672 5 680 3 681 1 684 1 688 1 703 1 708 1 717 23 719 1 753 1 779 1 785 1 786 5 789 4 799 1 802 2 810 4 820 2 822 9 824 1 825 2 857 1 858 1 861 1 872 2 874 8 883 1 884 1 885 2 902 1 913 1 920 1 953 1 965 1 975 2 980 1 985 1 991 1 996 1 997 1 1009 1 1018 1 1020 1 1030 1 1041 1 1063 3 1072 2 1085 1 1091 1 1111 1 1127 1 1130 2 1132 1 1134 1 1138 1 1154 1 1176 1 1183 3 1188 2 1211 2 1213 1 1222 1 1240 1 1244 1 1253 2 1279 3 1345 1 1354 1 1388 4 1391 1 1397 2 1399 1 1410 2 1418 3 1497 1 1501 1 1502 3 1503 16 1512 2 1529 1 1545 1 1558 1 1593 2 1602 1 1608 1 1623 2 1667 6 1668 2 1689 2 1748 2 1749 1 1756 5 1788 2 1808 1 1817 1 1822 2 1856 1 1873 1 1893 1 1898 1 1911 15 1939 4 1956 1 1968 2 1971 1 2021 1 2023 4 2046 10 2047 1 2053 1 2058 4 2087 2 2091 1 
39 90 1 110 3 123 2 129 2 206 10 207 1 276 1 331 1 358 1 382 5 413 1 541 3 542 1 589 2 691 1 737 1 857 1 891 1 905 1 960 1 1043 12 1101 5 1119 1 1167 1 1180 2 1197 1 1224 1 1308 2 1330 1 1348 10 1463 1 1542 1 1578 1 1603 1 1634 2 1659 1 1687 2 1698 1 2073 1 
121 1 1 2 1 28 2 35 1 42 1 59 1 88 2 96 1 184 10 204 1 239 1 241 1 243 3 247 1 248 10 252 2 256 1 260 1 280 9 319 1 326 1 344 2 350 2 358 1 362 1 376 3 404 1 408 1 456 1 462 2 498 1 523 1 527 1 536 1 561 1 593 2 603 1 624 4 632 1 679 1 720 1 747 1 751 2 752 1 761 1 807 7 808 1 824 2 831 1 837 3 839 1 865 2 874 3 877 1 920 1 923 1 933 2 985 1 1041 1 1072 3 1123 1 1128 5 1138 1 1165 1 1182 1 1195 11 1202 2 1248 3 1268 1 1274 1 1279 1 1296 2 1303 1 1324 1 1350 1 1362 1 1368 5 1391 1 1424 1 1432 1 1434 1 1444 2 1460 1 1510 5 1526 1 1539 1 1555 5 1586 3 1589 5 1598 1 1601 1 1605 5 1633 2 1634 2 1651 1 1656 1 1665 2 1702 1 1713 1 1737 1 1738 1 1768 2 1771 1 1805 1 1857 3 1873 1 1882 5 1885 1 1892 4 1893 4 1907 2 1913 1 1918 1 1919 2 1939 2 1940 1 1962 1 2029 2 2034 4 2048 1 2069 2 
32 23 1 163 2 229 1 258 1 292 2 341 2 358 1 550 1 569 2 662 3 778 1 910 1 934 1 955 2 1121 1 1171 1 1195 1 1238 1 1272 8 1410 2 1545 2 1591 1 1606 1 1613 1 1626 2 1685 5 1758 2 1782 7 1803 1 1894 2 1907 4 2006 6 
69 13 1 137 2 168 15 174 6 189 1 200 4 212 1 254 13 328 13 332 5 338 1 370 6 392 1 422 7 441 1 450 1 473 2 474 10 477 4 529 3 570 7 575 2 584 6 610 1 627 5 636 7 684 1 722 1 740 10 762 4 765 1 822 7 846 7 880 4 881 1 970 6 1025 2 1038 3 1059 1 1073 10 1086 3 1124 10 1152 22 1281 3 1381 4 1385 1 1407 1 1430 1 1437 7 1447 2 1473 3 1474 1 1478 4 1522 13 1614 4 1625 3 1655 1 1741 21 1752 3 1834 1 1855 2 1868 2 1870 3 1883 2 1906 7 1932 1 1968 1 1995 1 2103 2 
56 41 9 79 2 86 2 138 3 145 1 192 1 208 4 225 1 257 2 289 10 393 1 481 1 553 1 573 1 595 2 657 1 685 2 686 4 701 1 796 2 803 2 868 1 917 1 945 4 965 2 968 1 1000 1 1125 2 1137 2 1138 1 1270 1 1275 3 1297 1 1303 1 1332 1 1391 6 1550 1 1569 6 1587 1 1592 2 1595 1 1611 9 1640 2 1663 1 1665 29 1731 2 1784 3 1882 5 1897 3 1899 1 1922 6 1936 3 1941 2 1978 7 2001 3 2075 1 
8 39 8 909 1 958 1 1057 1 1139 1 1477 1 1709 1 1770 1 
14 287 1 289 15 701 2 714 1 811 1 899 1 982 2 1304 1 1391 12 1436 4 1475 1 1550 1 1644 2 1897 1 
54 18 2 20 1 55 1 65 1 76 3 106 2 148 1 169 5 252 1 275 4 310 1 341 4 345 1 403 1 404 1 514 2 605 3 668 2 670 2 743 3 766 1 798 9 912 2 1014 1 1058 1 1085 1 1097 1 1123 2 1128 1 1195 8 1234 1 1246 2 1391 3 1394 1 1425 1 1428 4 1450 1 1504 1 1578 1 1598 1 1620 1 1632 1 1636 2 1668 1 1693 1 1694 2 1746 1 1841 1 1859 29 1905 1 1967 1 2029 11 2032 3 2086 2 
37 58 2 89 1 94 1 124 49 195 1 221 1 262 1 282 6 297 13 385 26 395 1 418 1 428 2 487 1 538 1 625 1 699 1 738 12 745 1 748 4 750 3 915 1 971 6 1002 1 1003 1 1158 1 1288 1 1389 2 1538 3 1575 1 1827 3 1863 4 1912 3 2011 2 2059 1 2065 7 2096 1 
143 0 12 15 1 16 1 45 1 63 2 73 2 76 4 93 1 141 1 166 5 188 2 208 1 213 2 230 1 234 1 241 1 245 1 250 1 253 1 258 1 279 1 288 2 308 1 310 1 344 1 354 1 367 4 373 1 381 2 389 1 404 1 458 2 462 11 478 2 498 1 546 1 548 2 566 1 643 5 652 1 662 9 664 3 682 4 685 1 687 6 703 1 707 2 709 2 720 1 725 1 764 6 768 1 789 1 802 4 805 1 818 1 843 1 869 1 879 3 893 1 902 3 913 1 930 1 933 3 979 2 1008 1 1023 1 1036 1 1041 1 1064 1 1067 2 1071 2 1075 6 1100 1 1111 1 1149 8 1218 3 1255 1 1265 8 1279 2 1285 1 1290 4 1307 6 1330 1 1380 1 1391 1 1392 6 1400 5 1403 3 1454 1 1483 2 1489 1 1491 1 1500 2 1520 2 1540 1 1553 1 1558 1 1580 4 1582 1 1657 2 1667 5 1676 1 1689 1 1695 3 1696 4 1713 1 1715 3 1732 1 1734 1 1750 1 1762 1 1764 2 1768 2 1780 1 1802 1 1803 5 1850 1 1878 2 1882 1 1892 3 1898 1 1903 8 1919 1 1937 4 1946 4 1960 1 1962 1 1970 1 1971 3 1993 1 1998 1 2019 1 2023 2 2032 2 2037 2 2045 4 2046 29 2058 2 2081 6 2082 1 2088 1 2102 1 
26 213 1 274 1 299 1 327 4 346 1 350 2 394 1 410 1 483 1 543 1 547 1 566 6 857 1 952 10 1093 1 1116 1 1145 1 1199 1 1279 3 1348 4 1405 9 1509 1 1980 1 1990 1 1992 3 2029 2 
143 20 1 25 13 26 5 44 1 48 1 51 1 72 2 78 2 90 1 93 1 130 2 132 1 146 3 154 11 186 1 203 1 244 1 270 1 280 3 295 1 299 5 307 2 314 1 315 10 319 1 346 2 347 1 355 1 357 1 374 1 381 1 408 2 443 1 458 9 462 8 533 1 557 2 558 1 562 1 588 1 589 3 597 1 635 1 662 6 670 1 697 1 701 2 703 1 705 1 717 14 725 2 753 7 760 1 761 10 789 1 809 7 827 1 852 1 861 1 872 1 874 1 877 2 884 2 885 1 886 3 902 1 913 1 936 1 960 2 983 1 990 1 1041 2 1072 2 1078 2 1085 1 1098 1 1107 1 1116 2 1118 1 1132 1 1134 2 1138 1 1154 1 1179 1 1183 3 1195 2 1204 4 1209 1 1226 1 1298 1 1317 1 1330 1 1343 4 1344 2 1348 6 1349 2 1352 1 1356 2 1382 2 1388 2 1399 1 1405 7 1409 1 1410 2 1426 1 1433 1 1442 4 1464 2 1489 1 1502 1 1512 5 1539 2 1548 1 1559 1 1589 1 1598 1 1602 1 1606 4 1609 1 1665 2 1668 2 1680 1 1751 1 1756 14 1785 4 1788 3 1794 4 1805 2 1824 1 1825 1 1831 1 1837 1 1871 1 1882 1 1889 4 1909 1 1919 2 1939 1 1971 1 2004 2 2032 1 2042 1 2086 3 
136 16 2 19 1 25 8 55 1 105 1 142 1 166 1 183 1 184 1 197 1 224 8 226 1 244 2 261 1 265 3 268 1 275 1 280 5 299 4 304 1 310 2 313 1 335 1 350 1 357 2 368 1 381 1 404 1 423 3 454 3 462 2 492 4 516 1 525 1 529 1 560 2 562 1 588 1 591 1 593 3 632 1 637 1 654 2 658 5 670 1 721 1 753 2 761 1 768 2 771 6 784 5 798 1 800 1 801 1 827 1 837 9 839 1 855 1 860 1 913 1 927 1 931 1 936 5 945 6 950 1 984 1 1008 1 1013 1 1035 1 1048 1 1063 1 1066 2 1072 2 1074 3 1087 2 1123 1 1135 1 1145 2 1177 4 1194 1 1195 4 1196 1 1226 1 1258 4 1271 1 1279 1 1293 1 1303 1 1348 1 1369 1 1371 1 1379 1 1402 1 1403 1 1409 12 1410 1 1428 1 1445 1 1514 1 1524 1 1558 3 1564 1 1597 2 1598 1 1601 1 1618 1 1620 2 1654 1 1666 1 1668 2 1677 2 1702 1 1706 1 1731 1 1741 8 1754 1 1769 1 1778 1 1790 1 1792 3 1831 5 1849 1 1857 1 1867 2 1882 11 1889 1 1919 1 1927 1 1948 1 1962 2 1966 1 1969 2 2000 1 2069 6 2079 1 2087 1 
21 17 1 72 16 76 1 113 1 351 1 511 1 661 4 717 16 1143 2 1212 1 1348 6 1390 1 1408 1 1422 3 1621 2 1671 10 1770 1 1882 4 1888 2 1924 9 1959 2 
37 33 3 73 3 103 1 213 1 247 4 342 1 352 1 377 1 437 1 482 1 543 1 562 1 588 1 707 2 785 1 790 1 941 3 1030 1 1048 2 1082 1 1085 1 1100 2 1177 1 1180 2 1186 1 1211 2 1344 2 1350 1 1410 8 1576 2 1623 2 1693 2 1758 4 1856 3 1919 2 1923 1 2088 4 
34 67 10 68 1 108 1 111 1 219 15 233 2 316 1 328 2 442 8 451 3 529 1 565 1 584 1 726 1 777 1 812 1 844 3 914 1 943 3 1028 9 1086 1 1162 1 1281 1 1367 1 1385 11 1407 2 1437 3 1439 2 1653 1 1741 3 1779 1 1795 8 1883 11 1968 1 
52 18 1 24 2 131 4 158 1 172 1 196 2 208 6 381 4 412 2 498 3 531 1 533 1 535 7 549 1 573 1 601 1 629 2 666 1 676 1 686 2 701 2 714 2 756 1 795 1 796 10 832 1 861 3 919 3 932 1 938 2 985 6 1007 3 1022 1 1112 6 1128 3 1138 3 1227 1 1259 3 1291 1 1303 1 1332 1 1382 1 1391 5 1455 1 1579 1 1640 2 1663 2 1914 1 1956 4 1970 5 2001 1 2080 2 
40 0 3 46 1 76 1 141 1 146 4 148 1 185 1 188 3 243 4 274 1 310 3 314 1 333 1 357 1 514 3 533 2 566 3 605 2 645 2 652 4 656 1 662 2 702 3 708 1 753 2 801 1 805 1 818 1 864 4 883 1 1346 4 1442 2 1513 1 1611 2 1817 1 1846 3 1909 1 1913 1 1999 17 2082 5 
97 12 6 19 1 25 16 35 22 43 4 47 1 62 1 100 1 119 2 123 3 157 1 161 4 166 4 199 5 224 12 259 2 280 2 301 1 319 1 362 1 414 1 448 1 458 4 462 4 464 1 500 8 562 1 566 5 597 1 606 1 664 1 689 2 698 2 734 1 764 2 789 3 799 8 833 1 869 4 876 1 884 7 952 21 978 1 1001 2 1012 1 1032 9 1069 3 1072 2 1090 1 1105 1 1117 3 1128 1 1131 1 1138 6 1147 2 1188 6 1190 2 1209 4 1213 1 1268 11 1292 2 1307 5 1326 1 1363 1 1390 1 1391 1 1394 1 1400 9 1405 2 1409 3 1442 6 1485 1 1502 1 1563 2 1578 2 1587 2 1598 3 1602 1 1623 4 1648 1 1658 3 1715 7 1780 1 1785 1 1802 10 1832 2 1851 4 1873 2 1882 1 1969 7 1971 2 2019 3 2023 4 2047 1 2053 2 2069 1 2081 18 
132 6 1 32 1 40 2 47 10 90 1 103 3 126 2 129 1 135 1 138 1 162 7 188 1 202 5 214 1 256 1 258 1 263 2 275 1 300 1 304 1 330 1 337 1 369 1 401 1 411 1 431 5 458 9 470 6 471 1 500 3 533 1 562 1 569 2 586 1 609 1 631 1 642 1 643 2 661 2 682 2 686 2 701 1 730 1 764 3 767 2 785 1 789 5 790 1 835 1 857 1 864 3 872 2 876 2 902 4 959 1 979 2 980 1 987 1 990 1 1012 1 1019 1 1030 2 1031 3 1063 3 1066 1 1085 1 1087 3 1094 1 1098 2 1107 1 1119 1 1126 1 1138 1 1150 1 1168 1 1181 1 1188 3 1200 1 1203 1 1271 3 1279 2 1299 1 1307 5 1308 1 1319 2 1341 1 1343 1 1348 5 1356 2 1364 1 1369 1 1400 3 1403 1 1413 3 1416 1 1484 1 1485 1 1502 1 1503 4 1507 2 1517 1 1535 1 1555 1 1559 1 1569 1 1613 1 1623 1 1627 1 1633 1 1641 1 1668 1 1671 2 1685 2 1703 1 1760 1 1763 1 1802 3 1831 4 1850 3 1882 6 1893 4 1900 1 1919 1 1937 3 1946 2 1971 4 2006 1 2023 3 2034 3 2046 4 2047 2 2087 1 
60 7 1 18 1 76 4 205 3 252 1 263 1 268 3 269 1 326 2 371 2 436 2 480 2 497 1 509 17 533 1 559 1 566 2 617 3 622 1 670 3 671 1 737 1 758 1 874 5 894 2 942 1 952 8 978 1 986 1 1065 1 1138 2 1169 2 1185 23 1195 1 1238 6 1310 1 1335 1 1348 8 1368 2 1402 1 1421 1 1431 2 1457 1 1536 1 1548 6 1602 1 1680 1 1702 1 1728 1 1755 1 1783 2 1803 1 1848 1 1890 1 1910 2 1915 2 1940 1 1966 1 2062 2 2077 1 
132 26 1 45 2 47 2 52 1 63 3 71 2 103 6 119 2 123 3 132 1 135 2 162 6 167 2 178 1 184 1 186 1 194 2 203 1 243 1 271 1 280 1 300 3 302 2 303 1 326 5 340 3 344 3 352 1 354 3 374 2 376 2 394 3 396 1 400 1 413 2 414 12 421 1 430 1 458 1 512 1 525 1 533 2 546 1 558 1 559 1 561 1 589 4 631 1 658 7 682 1 747 1 761 4 768 1 776 1 790 1 802 1 816 1 835 3 839 1 845 1 858 1 926 1 930 1 936 3 1021 1 1030 1 1072 1 1075 1 1098 1 1100 2 1117 3 1138 1 1150 1 1154 2 1155 1 1156 1 1169 2 1170 1 1180 1 1182 2 1186 1 1193 1 1195 1 1197 1 1202 1 1211 1 1218 6 1222 1 1234 1 1246 5 1259 1 1267 1 1277 1 1283 1 1348 3 1356 2 1359 1 1374 1 1391 1 1399 3 1402 1 1403 3 1444 1 1504 1 1520 1 1526 3 1545 2 1554 1 1598 1 1601 1 1606 5 1635 1 1638 1 1661 2 1665 1 1668 2 1689 1 1692 2 1719 7 1788 1 1807 4 1877 4 1882 2 1919 1 1957 1 1961 1 1965 1 1966 4 2019 4 2072 1 2088 1 2091 1 
37 51 1 62 1 134 1 152 2 300 1 351 1 381 1 396 1 524 1 663 1 703 1 763 15 859 1 958 2 967 1 1024 1 1067 10 1138 1 1173 2 1195 8 1214 1 1260 1 1279 48 1286 1 1337 17 1348 14 1400 20 1628 2 1658 1 1702 1 1743 1 1893 2 1904 1 1919 1 1924 2 1951 1 2013 2 
25 188 1 203 2 252 3 260 1 446 1 507 1 569 3 600 10 764 2 892 1 1149 4 1160 1 1182 7 1298 34 1464 1 1556 3 1628 1 1669 3 1867 1 1919 1 1926 2 1971 1 2000 1 2043 1 2082 6 
1 1242 4 
35 51 1 131 4 160 1 289 6 324 1 372 2 429 1 476 2 533 3 535 4 546 1 557 3 573 2 577 1 646 1 657 1 666 1 692 1 694 1 701 2 792 1 796 1 916 1 1033 1 1130 6 1137 4 1138 1 1146 1 1391 5 1546 4 1598 6 1611 20 1676 2 1897 1 1899 1 
6 206 1 243 3 614 1 1409 30 1515 2 1823 2 
41 29 2 37 1 63 2 84 2 145 1 188 4 267 1 291 1 314 2 322 1 344 2 376 2 452 4 515 1 536 1 593 1 620 6 670 3 876 2 931 1 1040 1 1085 1 1097 1 1110 1 1115 2 1246 3 1348 6 1390 1 1466 1 1487 1 1576 1 1623 4 1636 8 1676 1 1679 1 1791 1 1823 1 1891 1 1919 3 1970 1 1971 2 
42 0 1 54 3 153 1 175 1 248 5 506 1 524 1 557 1 586 2 615 3 698 3 850 1 861 1 930 1 962 2 978 4 990 1 1150 3 1330 1 1360 4 1400 1 1426 3 1487 1 1539 1 1567 2 1618 1 1621 2 1623 1 1657 1 1670 1 1702 2 1850 2 1851 2 1856 2 1862 7 1879 1 1944 2 1963 1 1993 1 2023 3 2025 1 2037 3 
163 33 2 40 1 47 1 48 2 63 1 91 2 93 1 106 3 118 1 145 3 166 6 178 1 184 1 201 2 208 4 213 2 220 1 224 7 230 3 252 3 273 1 299 1 340 1 351 1 369 1 371 5 381 1 408 1 423 3 445 6 458 3 485 5 492 6 502 2 513 1 526 1 533 1 536 1 559 1 564 1 566 3 629 2 658 8 682 1 687 3 698 1 701 2 752 1 753 1 760 1 761 1 764 6 772 1 801 1 850 1 851 1 852 4 858 1 886 2 892 1 910 1 913 2 927 1 933 1 939 1 940 2 964 2 985 2 996 3 999 4 1004 1 1005 1 1021 3 1030 1 1041 5 1050 1 1054 1 1072 1 1084 1 1098 3 1109 1 1112 1 1118 5 1128 3 1133 1 1190 4 1235 2 1274 1 1279 10 1283 1 1309 2 1328 1 1351 1 1371 1 1390 2 1391 1 1392 1 1405 8 1409 6 1422 2 1440 1 1461 3 1476 3 1485 2 1489 1 1495 1 1501 1 1531 1 1545 1 1551 1 1556 1 1569 1 1578 1 1598 2 1601 9 1602 2 1623 1 1627 2 1634 1 1646 1 1657 1 1662 1 1667 1 1668 1 1685 2 1711 1 1712 1 1719 1 1735 2 1737 1 1760 3 1780 4 1823 3 1838 6 1850 1 1869 1 1877 2 1882 5 1889 2 1893 9 1898 2 1905 2 1919 10 1929 1 1943 2 1956 2 1961 1 1971 3 1984 3 2016 1 2018 1 2023 1 2037 3 2046 36 2053 9 2055 1 2057 1 2058 4 2061 1 2068 1 2070 1 2086 1 2089 1 
184 25 4 26 5 30 1 32 3 47 1 57 1 74 1 83 1 88 1 96 1 106 1 122 1 123 3 126 1 132 1 139 1 154 3 156 2 166 5 189 2 201 1 203 2 223 2 224 3 235 5 241 1 248 3 256 2 258 2 267 1 279 1 280 1 284 1 290 1 293 1 298 1 309 1 314 1 315 1 330 3 341 1 379 3 381 1 394 3 401 1 415 1 416 1 444 2 445 6 454 6 458 2 478 1 483 2 494 3 500 4 533 1 559 1 566 1 571 1 586 3 601 1 640 1 642 1 649 1 656 1 669 1 693 2 698 1 701 2 717 12 786 1 789 2 802 1 852 6 862 1 883 5 885 3 890 1 903 12 921 1 948 1 965 1 966 1 976 1 977 4 990 1 1001 15 1005 2 1021 1 1024 1 1036 1 1063 2 1066 1 1067 3 1074 1 1080 1 1085 2 1097 1 1128 1 1132 1 1149 1 1154 2 1165 1 1178 2 1183 4 1188 1 1195 3 1196 1 1201 1 1218 1 1230 1 1239 1 1253 2 1257 1 1263 1 1279 3 1285 3 1298 4 1312 1 1328 1 1333 1 1348 1 1369 2 1371 3 1380 2 1390 3 1392 2 1399 11 1417 4 1442 1 1448 6 1452 3 1454 1 1497 1 1503 20 1520 2 1586 1 1589 2 1602 1 1608 5 1623 6 1627 3 1657 2 1659 1 1668 3 1671 1 1672 1 1687 2 1692 1 1701 1 1704 1 1744 1 1763 1 1780 1 1788 1 1825 1 1831 6 1848 1 1857 1 1867 1 1882 2 1893 5 1894 5 1905 1 1911 15 1919 1 1939 3 1946 4 1960 1 1968 7 1983 1 1997 2 2000 1 2006 1 2019 1 2020 1 2023 2 2034 1 2039 2 2042 1 2058 4 2066 1 2072 1 2091 1 
48 35 5 47 2 123 2 136 1 208 2 318 3 326 1 343 3 435 1 517 1 521 1 558 1 566 5 577 1 586 1 615 3 617 2 652 1 757 1 858 1 869 4 889 1 986 3 1051 1 1052 1 1075 1 1080 1 1116 3 1154 1 1253 2 1295 1 1307 1 1311 1 1348 9 1350 2 1355 1 1379 1 1623 6 1624 1 1630 1 1730 1 1754 1 1837 1 1850 2 1853 1 1925 4 1928 4 2048 4 
146 18 2 25 2 28 2 33 2 38 2 40 1 44 1 47 8 50 5 76 1 103 4 134 2 135 3 146 1 150 1 159 3 166 1 170 1 178 1 185 1 204 1 222 1 224 1 251 5 263 2 280 6 304 2 307 2 315 7 347 1 360 3 381 1 410 1 415 1 423 1 434 1 436 1 440 1 458 2 471 1 499 1 508 1 513 2 533 1 534 1 546 1 566 2 599 1 601 1 651 1 653 1 663 1 668 1 670 1 672 1 676 1 715 1 717 14 735 1 759 1 783 1 801 2 839 2 845 1 850 1 851 1 870 1 893 1 908 1 922 1 930 1 945 2 963 1 975 1 989 2 1024 2 1029 3 1030 1 1041 1 1047 1 1051 2 1052 1 1055 2 1072 2 1079 1 1098 1 1154 1 1165 2 1177 1 1182 5 1183 1 1195 15 1210 1 1259 1 1298 1 1315 12 1318 1 1328 1 1346 4 1347 1 1348 27 1350 1 1354 1 1356 3 1366 1 1372 1 1379 1 1382 1 1405 5 1415 2 1444 2 1469 1 1501 1 1578 2 1590 1 1598 3 1602 1 1609 1 1615 1 1616 2 1665 1 1668 2 1681 2 1687 2 1702 2 1710 1 1730 1 1747 1 1756 4 1780 1 1802 1 1805 2 1851 2 1862 4 1865 1 1871 5 1882 13 1893 1 1919 3 1939 1 1957 3 1971 1 2013 2 2021 3 2052 1 2069 1 
27 82 8 97 1 134 2 147 2 175 1 301 2 345 1 495 1 522 2 533 2 735 1 779 4 998 1 1021 1 1123 1 1138 1 1390 2 1427 1 1445 1 1609 3 1646 2 1668 1 1685 2 1705 3 1730 1 1854 1 1885 1 
73 9 3 10 1 13 2 64 1 68 3 111 3 179 1 189 3 233 2 254 1 332 2 398 1 406 1 432 1 450 2 454 3 529 2 552 4 560 4 565 1 567 1 570 40 572 1 575 2 610 1 621 1 627 2 684 1 731 3 762 2 765 3 777 3 812 7 814 11 822 6 880 1 970 3 1028 3 1061 1 1073 3 1083 5 1086 5 1152 1 1198 1 1219 2 1247 15 1269 14 1367 1 1385 1 1429 1 1437 8 1439 4 1447 1 1473 4 1543 6 1585 19 1604 1 1614 1 1625 1 1637 1 1653 1 1752 14 1757 1 1779 3 1789 1 1795 8 1855 1 1868 4 1968 6 1985 36 1995 5 2051 7 2103 7 
1 791 1 
46 24 5 36 3 61 2 86 1 131 2 160 5 210 2 225 1 314 4 360 3 393 1 562 1 564 1 573 3 638 1 666 1 701 1 758 1 796 3 803 1 811 2 813 2 817 2 938 1 982 1 1030 3 1033 3 1039 3 1041 2 1130 1 1227 3 1332 3 1391 2 1550 2 1595 2 1607 1 1611 6 1864 1 1899 1 1916 1 1922 21 2002 1 2014 1 2068 2 2080 2 2084 6 
33 153 2 281 8 381 11 476 1 496 1 503 1 531 1 533 6 546 1 564 1 566 1 580 1 686 2 701 2 714 1 742 9 861 5 873 1 917 2 1030 2 1227 5 1303 1 1391 5 1475 1 1488 1 1598 3 1611 16 1833 1 1917 1 1936 3 1970 1 2068 34 2075 1 
7 155 2 683 5 769 2 928 6 1068 1 1348 24 2004 1 
43 18 1 47 10 53 1 106 6 119 6 123 11 184 35 187 1 213 1 389 1 586 2 602 2 617 5 658 16 681 1 710 1 769 1 802 2 895 1 996 2 1081 5 1176 2 1180 2 1195 4 1227 1 1283 1 1298 12 1374 1 1472 3 1502 2 1553 1 1567 2 1694 1 1775 2 1793 2 1814 2 1816 5 1831 4 1843 1 1847 1 1859 3 1877 16 1946 3 
37 58 1 89 2 236 4 282 1 297 5 385 26 418 1 426 12 428 2 460 25 472 1 505 2 538 1 633 7 738 18 745 5 748 21 750 1 1003 1 1158 1 1252 1 1288 10 1323 1 1389 6 1511 8 1575 2 1594 11 1639 2 1844 1 1863 22 1912 4 1954 1 2011 16 2028 1 2033 1 2065 2 2096 1 
45 11 2 37 1 59 1 114 1 184 6 199 1 358 1 439 1 517 2 526 1 569 2 599 1 605 24 676 1 705 3 741 1 774 1 786 6 808 1 853 1 858 1 861 1 872 1 928 2 964 1 1180 1 1195 1 1203 7 1298 3 1315 5 1405 11 1438 1 1442 5 1598 1 1665 1 1678 1 1700 2 1720 1 1760 2 1770 1 1783 2 1876 4 1894 3 2023 10 2068 1 
126 40 1 47 1 63 5 78 1 119 6 188 2 230 1 245 1 260 3 267 3 269 3 304 1 351 1 381 3 404 1 410 1 415 2 425 1 445 2 533 2 546 2 558 2 564 1 569 1 586 1 587 2 588 3 589 2 593 10 643 6 661 2 701 1 717 13 736 1 741 1 749 8 752 1 754 2 760 1 767 1 786 1 797 1 798 1 847 1 849 4 851 3 852 1 900 1 903 6 955 1 980 1 1001 6 1040 3 1041 1 1062 14 1067 1 1091 1 1107 2 1134 3 1148 1 1149 1 1150 3 1154 1 1179 3 1183 1 1195 2 1231 2 1239 1 1248 1 1255 3 1271 1 1303 2 1306 2 1307 5 1311 1 1322 1 1343 1 1363 1 1371 1 1391 2 1428 7 1440 1 1448 1 1467 1 1501 11 1552 1 1558 25 1560 3 1598 1 1602 5 1609 2 1623 4 1627 3 1651 1 1667 2 1668 2 1677 1 1694 1 1734 1 1745 1 1771 1 1781 1 1786 2 1805 1 1822 5 1824 1 1867 1 1893 8 1907 2 1910 2 1911 6 1925 4 1945 2 1946 1 1960 2 1962 1 1971 2 1993 1 2006 1 2023 1 2034 1 2037 1 2055 1 2064 1 2086 3 2089 1 
153 5 1 45 1 55 1 73 3 75 1 76 3 85 1 88 2 118 2 132 3 138 1 153 1 184 1 203 1 244 1 258 1 264 1 267 6 280 1 284 3 295 1 315 7 319 1 329 2 340 2 344 1 346 1 363 1 379 1 381 2 404 1 408 1 415 5 416 1 423 10 438 1 445 3 454 3 458 2 462 2 533 1 548 1 561 2 593 3 632 2 662 2 671 1 677 1 701 1 766 1 785 2 789 7 802 1 841 1 852 6 872 1 892 1 902 1 913 1 921 1 959 5 975 1 978 2 1013 1 1019 2 1041 1 1051 2 1063 1 1080 1 1098 1 1111 1 1112 1 1128 1 1138 1 1183 6 1195 6 1197 1 1202 2 1238 1 1246 12 1258 2 1259 1 1283 3 1307 1 1317 1 1318 1 1324 1 1327 1 1348 12 1350 1 1375 1 1391 1 1394 1 1399 1 1405 1 1406 1 1417 1 1432 1 1434 1 1440 3 1449 1 1460 2 1482 1 1489 1 1494 1 1498 1 1502 3 1535 1 1541 1 1545 1 1576 1 1584 1 1601 1 1602 2 1609 2 1623 1 1626 1 1646 3 1648 1 1657 2 1668 1 1681 1 1692 1 1710 1 1720 1 1739 1 1754 2 1756 11 1766 2 1780 1 1798 4 1802 3 1840 1 1877 2 1898 1 1919 3 1924 1 1934 3 1939 1 1946 2 1951 2 1960 2 1969 8 1971 2 1974 3 1994 1 2006 1 2007 1 2013 1 2018 1 2023 1 2056 9 2095 1 
133 18 4 27 2 28 1 110 3 112 1 113 2 141 2 147 1 148 1 153 1 183 2 188 1 191 1 203 2 227 2 241 4 247 2 263 2 280 1 312 1 326 1 330 1 333 1 340 1 346 1 412 1 421 2 423 6 431 8 492 2 499 1 509 16 523 12 524 1 525 5 526 2 562 1 565 6 568 1 581 4 600 2 613 1 617 2 632 2 637 1 640 1 676 2 688 1 720 1 724 1 760 1 761 5 768 2 776 1 819 1 820 1 827 1 828 13 829 1 861 2 886 1 902 3 903 3 945 1 949 1 977 5 1026 1 1068 2 1072 2 1078 2 1105 1 1143 1 1166 1 1188 2 1195 12 1204 10 1205 1 1307 2 1337 8 1341 2 1348 12 1371 2 1387 1 1391 1 1410 1 1419 1 1423 1 1426 1 1428 4 1460 1 1483 4 1542 1 1570 1 1599 2 1602 1 1625 8 1634 1 1642 1 1651 3 1672 2 1675 1 1681 3 1686 1 1692 1 1695 1 1713 3 1732 1 1737 5 1756 8 1758 1 1763 1 1766 1 1780 1 1809 1 1814 1 1831 3 1839 1 1889 3 1908 2 1924 5 1928 2 1944 4 1960 1 1967 2 2007 1 2038 1 2039 2 2049 1 2053 4 2072 1 2077 1 2079 2 2094 1 
9 739 3 808 1 860 4 1235 3 1267 1 1271 1 1388 11 1853 1 2000 1 
28 28 6 49 1 129 1 326 4 439 1 594 1 651 1 857 1 903 5 1018 1 1150 3 1195 6 1410 3 1460 2 1498 2 1602 1 1626 2 1648 2 1656 1 1681 1 1791 1 1907 1 1919 1 1923 1 1925 4 1945 2 1973 1 2016 2 
58 67 4 80 1 81 4 137 1 140 6 149 2 164 1 168 14 179 1 198 4 316 7 328 20 332 5 338 5 378 4 383 2 422 3 441 1 529 2 537 6 552 3 565 3 570 5 592 1 627 8 636 2 684 2 722 14 731 6 740 4 844 14 863 46 882 1 943 20 972 8 1059 1 1073 8 1095 1 1208 1 1321 1 1325 3 1381 2 1386 1 1401 1 1437 1 1439 2 1458 3 1537 1 1557 1 1596 1 1619 2 1629 3 1718 2 1776 2 1779 1 1870 3 1883 2 1933 2 
2 842 5 1663 84 
48 18 1 43 2 131 3 147 2 208 2 324 2 481 6 531 1 553 1 599 2 645 1 657 1 676 4 686 5 698 2 714 2 794 2 795 1 796 9 803 2 832 2 982 1 1033 8 1041 1 1077 3 1128 1 1207 1 1227 2 1275 2 1297 1 1304 1 1493 3 1550 1 1583 1 1602 1 1607 1 1611 11 1663 2 1669 1 1699 1 1722 6 1897 1 1951 1 1970 4 1978 4 2027 1 2064 1 2067 12 
106 12 5 26 18 30 3 47 1 70 4 76 2 102 7 106 4 110 1 117 1 123 3 182 1 203 2 208 1 260 2 267 1 275 4 280 1 326 1 344 2 360 5 386 1 427 2 470 3 527 1 547 1 588 1 593 1 662 3 701 2 707 2 752 1 761 1 809 17 810 2 836 1 853 3 902 2 913 1 945 1 952 25 973 1 979 1 996 14 1041 1 1051 2 1072 1 1100 5 1101 1 1104 1 1130 3 1145 1 1149 1 1180 4 1206 3 1209 1 1223 1 1309 1 1346 5 1348 10 1354 1 1372 1 1387 1 1400 16 1433 1 1440 2 1442 13 1459 1 1462 1 1467 1 1479 1 1501 3 1534 1 1555 2 1598 1 1601 1 1608 7 1609 1 1620 1 1624 1 1668 1 1689 3 1716 1 1802 1 1804 1 1805 2 1807 1 1830 1 1852 2 1882 16 1902 1 1928 3 1930 1 1939 1 1956 1 1971 2 1988 1 2003 1 2007 1 2009 1 2019 1 2023 10 2029 3 2081 5 2083 20 2090 1 
36 104 1 114 1 247 2 355 1 381 4 561 5 566 5 571 1 589 1 654 1 687 3 773 4 820 1 878 1 903 3 909 1 939 1 1048 1 1064 1 1074 1 1150 1 1209 4 1267 1 1513 1 1589 4 1620 1 1704 5 1731 2 1756 5 1783 1 1814 1 1817 1 1856 7 1888 3 1889 1 1998 4 
164 3 1 15 1 22 3 35 2 42 1 44 1 60 3 71 1 76 2 83 1 105 1 106 4 123 3 166 1 188 2 193 1 258 1 264 1 293 1 335 1 358 1 365 1 368 1 381 1 417 1 443 2 462 9 469 1 486 1 502 2 533 1 540 1 547 1 551 1 576 1 586 3 588 2 605 1 607 1 616 3 620 2 642 1 654 1 708 1 754 1 761 1 771 1 785 1 808 1 809 19 849 1 852 1 861 4 862 1 864 1 892 1 893 1 902 1 903 11 905 1 908 1 913 2 921 1 959 1 965 1 1001 4 1010 1 1041 1 1049 1 1051 1 1052 1 1063 1 1072 1 1074 1 1098 1 1100 5 1107 1 1119 1 1128 1 1138 2 1142 1 1144 1 1148 1 1150 1 1154 1 1158 1 1168 1 1174 1 1180 2 1185 10 1188 1 1213 3 1222 1 1223 1 1226 1 1239 4 1258 1 1263 1 1279 2 1298 4 1305 1 1307 1 1333 4 1337 1 1343 4 1390 2 1391 2 1400 30 1402 1 1403 2 1442 1 1467 2 1502 1 1507 1 1509 1 1513 1 1532 8 1539 1 1589 2 1602 1 1623 3 1635 4 1681 1 1686 1 1692 2 1698 1 1720 1 1737 1 1744 1 1745 1 1748 2 1756 2 1782 2 1785 1 1791 1 1803 1 1832 7 1842 1 1850 1 1857 1 1872 1 1875 1 1882 1 1894 5 1904 1 1907 2 1919 5 1934 4 1937 3 1944 1 1946 3 1955 2 1959 1 1971 1 1997 3 2009 1 2023 1 2032 1 2046 12 2049 2 2052 1 2081 1 2082 1 2102 2 
129 0 2 25 1 28 1 52 1 78 1 88 1 93 1 96 5 120 1 123 2 145 1 167 1 188 6 258 1 267 1 278 5 293 1 299 6 303 1 310 1 312 1 366 1 381 1 397 1 399 1 413 1 423 3 444 2 450 1 506 1 527 1 533 1 559 1 562 1 569 1 639 4 658 1 701 1 703 2 713 1 715 1 717 4 728 6 735 1 761 14 808 1 815 2 822 24 837 8 839 3 849 2 860 1 879 1 885 2 886 1 889 2 891 1 944 1 977 7 1064 3 1072 1 1076 1 1138 1 1145 2 1165 2 1180 1 1185 1 1195 4 1204 14 1239 3 1244 3 1253 4 1271 1 1279 6 1298 3 1324 1 1330 1 1342 1 1352 1 1357 2 1363 1 1384 3 1390 6 1391 1 1415 1 1442 2 1464 1 1488 1 1501 1 1502 1 1504 1 1509 1 1516 1 1578 1 1598 1 1608 1 1638 1 1665 2 1710 1 1712 1 1719 1 1737 1 1739 16 1749 1 1756 14 1770 1 1780 2 1799 1 1805 3 1821 1 1832 6 1850 1 1859 7 1862 1 1882 1 1889 4 1908 2 1919 1 1924 5 1939 1 1944 1 1952 3 2025 1 2036 1 2040 1 2042 2 2054 2 2082 6 2102 4 
30 100 19 188 1 326 4 344 1 371 1 484 3 607 3 754 3 903 4 981 2 1021 1 1113 1 1123 1 1130 2 1181 1 1311 1 1348 3 1376 1 1400 5 1410 7 1423 1 1578 2 1721 1 1813 1 1882 5 1957 3 2060 1 2071 1 2086 1 2089 1 
44 31 2 43 1 76 5 120 1 142 4 188 1 321 2 325 2 330 1 354 2 365 1 408 3 414 1 438 2 562 1 654 1 707 4 730 2 785 2 797 1 798 1 867 1 1031 2 1063 4 1132 1 1138 1 1160 1 1274 1 1503 5 1513 4 1520 2 1589 1 1611 4 1669 3 1694 4 1737 2 1856 4 1934 4 1944 1 1969 2 1971 2 1998 2 2023 11 2072 1 
19 108 1 447 2 450 2 454 1 468 5 474 1 537 7 552 2 578 1 628 3 636 30 740 10 957 1 1059 1 1473 12 1544 2 1617 1 1895 1 2044 1 
1 1245 2 
44 79 1 86 1 138 1 153 4 160 9 172 1 192 3 196 3 225 1 281 6 381 4 391 2 476 1 481 1 573 4 595 1 599 2 657 3 694 1 698 1 714 1 792 3 795 1 796 12 899 1 964 3 1033 3 1137 1 1146 1 1207 3 1475 2 1517 1 1566 1 1574 1 1592 1 1598 1 1682 1 1702 2 1820 1 1833 1 1970 1 2037 1 2067 2 2101 1 
37 40 2 47 1 78 1 97 1 139 1 142 3 170 1 188 3 211 2 535 1 658 1 664 1 687 1 887 1 907 1 913 3 1006 1 1026 1 1049 3 1138 1 1154 3 1155 1 1223 1 1237 2 1240 4 1266 2 1299 1 1390 1 1391 3 1392 2 1405 8 1602 1 1611 1 1758 3 1859 5 1919 5 2017 2 
157 14 7 16 1 26 12 45 2 47 7 63 2 82 1 106 4 110 1 123 2 163 3 166 4 178 6 188 3 203 3 204 2 207 1 208 4 209 1 220 3 234 1 243 6 252 1 256 1 265 1 274 1 275 1 283 2 292 1 306 2 319 1 367 6 381 1 394 1 404 1 408 3 412 1 416 1 423 4 435 1 443 1 480 2 485 5 498 2 507 1 554 4 566 5 654 1 664 1 668 1 680 2 701 1 720 3 767 4 768 3 789 8 799 1 802 2 804 1 808 2 825 4 869 2 902 1 906 1 985 1 1013 1 1016 1 1020 1 1026 4 1029 10 1050 1 1063 4 1072 1 1074 1 1082 2 1100 3 1107 3 1112 2 1118 1 1134 5 1138 3 1154 2 1180 4 1204 6 1236 1 1258 2 1272 3 1283 1 1298 5 1299 1 1313 2 1316 1 1331 14 1340 1 1342 1 1346 5 1348 1 1358 1 1371 1 1374 2 1379 1 1390 4 1391 1 1400 7 1403 2 1426 3 1449 1 1475 1 1479 1 1485 3 1513 2 1554 2 1587 1 1589 3 1593 1 1598 4 1600 1 1602 2 1605 4 1608 3 1613 2 1620 1 1623 4 1654 1 1666 1 1671 5 1672 2 1681 4 1712 1 1737 1 1747 1 1768 1 1772 1 1773 1 1790 4 1803 3 1814 1 1817 1 1833 1 1845 2 1857 1 1874 1 1876 1 1882 1 1889 2 1927 1 1946 1 1953 1 1971 4 1982 2 1999 1 2019 1 2024 1 2034 4 2058 1 2068 1 2089 3 
39 55 1 96 3 119 1 123 15 188 1 190 1 205 3 275 2 310 2 314 1 333 2 343 3 360 2 509 5 617 4 752 1 903 1 936 1 999 2 1031 1 1035 1 1111 1 1119 1 1134 3 1201 1 1348 5 1400 8 1422 3 1589 2 1631 1 1657 1 1658 1 1788 1 1814 1 1823 4 1894 3 1951 1 2076 1 2093 1 
144 25 4 26 8 32 1 45 1 51 1 54 1 74 1 77 4 90 1 106 3 146 2 161 1 165 1 166 2 178 1 180 1 205 3 207 4 230 3 258 2 293 1 294 2 308 4 319 4 326 2 366 1 374 1 379 2 394 5 405 1 421 1 434 1 436 2 457 1 458 1 484 2 507 1 524 1 566 1 593 1 601 1 616 1 649 1 658 4 662 4 668 2 670 1 678 1 701 1 728 1 743 2 785 1 786 1 789 3 797 1 854 2 858 1 872 3 885 3 902 3 913 2 928 2 961 1 980 1 996 25 1018 1 1020 9 1036 1 1051 1 1063 1 1069 1 1128 4 1138 2 1155 1 1168 1 1180 3 1182 1 1188 1 1195 2 1214 1 1223 4 1240 1 1271 1 1294 2 1319 1 1329 1 1334 3 1348 9 1349 1 1363 2 1391 2 1398 3 1405 6 1411 1 1440 2 1442 2 1448 1 1465 3 1481 1 1485 1 1487 1 1500 2 1503 6 1525 1 1532 7 1536 1 1548 4 1570 1 1571 1 1572 1 1598 1 1601 3 1608 1 1613 1 1623 4 1646 9 1665 1 1668 3 1685 1 1711 1 1712 2 1726 1 1743 1 1753 1 1780 5 1815 7 1838 2 1851 2 1876 3 1882 1 1896 1 1911 11 1934 4 1946 3 1948 1 1971 1 1977 1 2023 2 2046 76 2048 3 2054 1 2058 4 2068 1 2072 1 
46 119 4 126 1 130 2 193 1 252 3 264 1 291 1 388 1 394 8 461 1 492 1 548 2 561 1 562 1 589 10 658 5 675 1 736 1 853 1 939 1 946 2 952 14 955 3 964 1 965 1 977 1 1043 10 1051 1 1065 1 1092 1 1098 1 1101 2 1130 1 1232 1 1348 2 1363 1 1521 1 1578 4 1665 1 1693 1 1766 1 1788 4 1832 4 1860 2 1951 3 2017 4 
114 23 3 30 1 40 1 47 2 74 1 90 1 122 1 135 1 148 1 167 1 170 1 173 1 188 4 205 1 215 1 234 2 241 4 280 1 300 1 326 1 364 1 367 2 374 2 394 1 444 1 458 1 484 1 491 2 493 1 519 1 533 1 547 1 550 1 562 1 564 1 565 3 569 1 596 1 619 1 632 1 662 2 723 2 730 4 735 1 760 1 769 1 798 1 802 1 835 1 861 1 885 2 899 1 944 3 977 1 1008 3 1057 1 1072 2 1122 2 1130 1 1145 1 1180 4 1188 1 1195 10 1223 1 1253 2 1279 4 1300 2 1307 4 1309 6 1348 4 1371 1 1387 2 1391 1 1394 1 1406 1 1489 1 1492 1 1513 4 1516 1 1534 1 1539 3 1555 4 1588 1 1598 4 1608 3 1648 2 1666 1 1672 3 1702 1 1710 1 1724 1 1748 1 1749 1 1780 1 1791 1 1831 1 1882 11 1919 2 1920 1 1921 1 1939 1 1948 1 1949 1 1961 2 1965 1 1971 2 1973 2 1993 2 2015 4 2023 2 2034 1 2047 1 2056 5 2086 1 
27 76 1 232 2 335 4 355 1 387 2 391 2 404 3 523 2 964 4 1008 1 1067 6 1150 6 1154 4 1388 2 1400 1 1410 3 1432 1 1475 1 1491 2 1500 1 1628 1 1716 1 1737 5 1818 1 1946 5 2034 1 2054 1 
33 137 1 164 1 174 2 189 1 198 5 254 24 441 10 473 3 477 4 529 1 552 1 565 4 575 7 731 1 765 7 814 2 822 14 844 8 880 1 898 2 1038 1 1070 1 1216 7 1321 2 1437 5 1473 16 1480 6 1717 1 1740 2 1868 2 1968 2 1995 1 2085 4 
1 1451 64 
20 24 1 36 1 70 1 79 2 133 2 676 2 695 28 938 2 985 1 1191 1 1207 1 1329 1 1475 1 1561 4 1611 13 1640 1 1899 2 1977 5 2080 5 2097 10 
47 18 1 24 1 86 1 153 2 157 1 196 3 372 1 381 2 391 3 412 1 476 1 481 1 496 1 498 3 531 1 573 6 676 3 701 1 795 4 796 1 811 1 862 1 868 1 938 2 945 6 964 5 1033 2 1041 9 1146 2 1270 1 1304 1 1519 1 1546 3 1547 1 1566 1 1595 1 1657 1 1663 11 1682 7 1820 2 1886 1 1897 2 1950 1 2037 2 2075 1 2080 1 2084 6 
10 22 5 87 1 129 1 230 5 755 1 864 18 931 1 1138 1 1647 2 1831 4 
64 43 2 76 3 106 1 112 1 116 2 258 1 263 1 302 2 358 1 511 1 518 1 525 1 542 1 585 1 591 1 612 1 624 5 639 3 658 18 788 1 798 2 802 1 810 1 847 1 865 4 871 9 936 5 947 1 950 1 1041 1 1082 1 1103 5 1134 4 1180 1 1201 1 1238 5 1384 5 1391 6 1399 1 1528 1 1578 4 1602 2 1610 1 1626 3 1660 1 1689 1 1702 2 1728 9 1746 5 1773 1 1780 1 1793 1 1829 1 1838 4 1851 2 1876 7 1878 3 1925 1 1945 3 1946 2 1998 5 2000 2 2058 6 2079 4 
27 89 3 236 6 359 1 418 1 426 1 428 7 487 1 641 1 738 4 745 3 750 7 856 1 918 2 994 2 1002 1 1046 5 1158 1 1288 7 1323 1 1490 4 1708 1 1863 25 1912 1 1954 4 2011 1 2033 1 2096 1 
147 0 2 14 1 15 3 16 2 25 1 28 2 39 5 40 3 47 1 91 3 106 5 127 1 138 1 154 10 161 2 162 13 183 3 194 3 203 2 220 1 224 5 269 2 275 1 280 5 294 3 305 1 323 1 335 2 347 1 350 6 381 3 382 4 391 1 413 1 435 1 437 1 466 1 479 2 480 9 484 1 500 1 530 1 541 3 554 7 562 1 566 2 583 2 586 2 588 1 593 3 599 1 606 1 607 3 639 2 642 5 649 2 658 4 661 1 687 1 761 11 767 3 786 4 799 4 802 2 807 1 809 3 839 1 853 1 892 1 893 1 902 1 903 6 913 1 964 1 976 1 979 1 999 1 1005 1 1023 1 1063 1 1081 1 1082 1 1100 1 1150 1 1169 3 1180 1 1188 2 1195 5 1223 3 1244 1 1272 6 1274 1 1279 3 1298 4 1308 1 1384 4 1388 1 1391 1 1403 1 1405 4 1416 1 1428 2 1441 2 1448 1 1491 2 1505 7 1578 2 1598 2 1601 10 1602 1 1605 21 1620 2 1635 1 1668 1 1672 2 1681 2 1689 1 1692 1 1713 2 1715 1 1719 1 1733 1 1770 1 1781 1 1790 1 1793 3 1813 1 1833 1 1858 1 1882 1 1893 1 1915 1 1919 1 1928 1 1946 2 1957 1 1982 1 2024 1 2029 2 2034 1 2045 2 2047 1 2052 2 2053 5 2070 1 2081 11 2082 1 
38 60 1 135 1 145 1 153 3 173 1 224 4 230 1 256 2 299 1 566 1 569 2 597 2 658 15 808 1 939 1 955 6 1053 1 1064 1 1108 1 1170 1 1278 1 1317 1 1320 1 1351 1 1366 1 1422 2 1487 2 1591 1 1623 1 1672 2 1676 3 1736 1 1762 1 1780 2 1791 3 1811 2 1974 2 2082 4 
163 0 1 11 2 15 1 20 1 25 1 34 1 46 1 47 1 63 2 72 1 76 1 82 7 88 1 119 3 141 1 154 5 166 1 185 1 203 1 230 1 245 1 248 3 255 1 256 2 257 1 263 1 267 2 269 1 280 1 294 1 308 1 326 7 340 5 355 1 369 1 371 1 384 1 404 2 407 1 439 1 443 1 446 1 458 4 462 1 493 2 509 8 513 6 546 1 558 2 559 1 560 2 561 1 566 2 583 1 596 1 599 2 655 1 663 1 672 1 676 2 689 1 698 1 701 1 709 1 753 2 765 6 786 2 789 1 799 1 802 2 822 9 854 1 857 1 861 1 869 1 872 2 874 1 884 1 892 1 908 1 910 1 913 2 976 1 977 1 1012 1 1013 1 1040 1 1048 1 1050 2 1062 8 1063 1 1067 1 1098 1 1123 1 1128 2 1138 1 1145 4 1149 1 1154 1 1165 3 1169 4 1179 1 1181 2 1183 4 1188 1 1204 1 1226 1 1238 3 1248 2 1253 2 1254 1 1265 4 1298 5 1348 1 1355 1 1374 1 1387 1 1388 5 1425 1 1426 1 1449 1 1489 1 1491 2 1502 3 1512 1 1516 1 1517 1 1542 1 1545 2 1586 1 1625 2 1658 1 1668 2 1676 1 1680 1 1681 1 1719 1 1725 1 1760 2 1761 2 1780 3 1786 5 1790 1 1801 2 1831 2 1848 1 1849 1 1851 1 1857 1 1867 1 1882 5 1893 1 1894 1 1919 3 1946 2 1948 2 1971 8 2012 1 2023 2 2034 1 2037 1 2042 1 2098 3 
110 25 1 30 1 51 1 73 2 95 6 102 2 109 9 123 2 129 1 132 1 146 5 188 1 241 2 247 5 248 19 252 4 280 5 291 1 293 1 301 1 306 1 314 2 315 2 326 3 365 1 397 1 423 4 436 1 452 1 461 1 462 6 492 6 504 1 523 1 554 6 565 2 566 1 611 4 619 1 760 1 779 2 839 5 862 1 864 4 876 3 885 3 899 3 902 2 903 1 922 1 967 1 996 28 1027 1 1036 1 1049 4 1072 2 1078 1 1116 1 1117 4 1119 1 1161 1 1188 1 1200 1 1203 2 1227 1 1265 1 1319 1 1328 1 1330 1 1348 5 1349 1 1390 2 1391 1 1392 1 1449 3 1504 1 1549 1 1588 1 1600 1 1656 1 1664 1 1671 7 1680 1 1687 1 1716 1 1754 3 1756 12 1769 1 1770 1 1811 4 1813 1 1843 1 1850 1 1851 1 1867 2 1882 2 1913 1 1919 1 1937 1 1961 4 2019 1 2023 2 2026 1 2032 2 2048 2 2049 1 2052 1 2057 2 2068 1 2089 2 
4 427 1 1100 1 1180 1 1217 1 
29 76 1 145 1 185 1 208 1 326 1 381 3 389 1 439 3 444 1 589 5 730 1 800 2 839 2 1035 1 1047 1 1049 1 1115 2 1244 1 1246 2 1391 1 1409 14 1410 2 1452 2 1770 4 1791 1 1838 5 1901 6 1907 6 2060 1 
62 9 1 13 1 68 8 99 2 101 1 174 5 179 1 216 1 227 2 254 16 311 4 332 1 338 9 370 1 406 1 422 4 441 1 454 1 520 7 537 1 565 1 584 3 610 1 627 3 684 4 722 1 726 1 731 1 812 3 863 23 880 3 882 2 937 2 943 20 995 1 1028 6 1038 1 1070 1 1073 3 1083 2 1086 1 1198 2 1269 3 1336 1 1381 4 1404 16 1407 2 1430 14 1437 10 1473 1 1480 3 1585 1 1604 1 1617 1 1645 2 1653 3 1757 1 1767 11 1870 1 1883 9 1968 14 1995 6 
2 501 56 1663 89 
41 24 6 131 4 147 1 181 3 192 1 203 3 208 9 381 3 391 1 476 8 528 2 573 5 618 2 701 2 756 1 770 7 796 5 803 2 817 4 842 1 1033 1 1128 1 1129 4 1137 1 1187 5 1284 1 1291 1 1332 1 1338 1 1391 6 1547 1 1561 4 1598 5 1640 2 1783 1 1820 1 1899 1 1970 1 2068 8 2075 1 2084 2 
73 14 1 28 8 32 3 40 1 43 1 106 1 119 1 207 2 235 1 243 1 280 2 362 4 401 1 458 3 483 2 485 2 564 2 566 5 593 1 656 1 690 1 697 1 707 1 734 1 753 1 789 11 807 1 815 1 877 1 927 1 1085 4 1087 1 1092 1 1112 1 1133 1 1134 2 1150 2 1184 3 1195 3 1204 6 1223 5 1298 2 1308 1 1356 1 1391 1 1396 1 1402 1 1460 1 1470 7 1485 3 1501 32 1560 2 1578 2 1612 3 1621 1 1643 2 1657 1 1664 1 1687 1 1692 4 1709 1 1791 1 1882 5 1891 3 1911 9 1946 2 1963 4 1971 1 2006 1 2008 3 2021 1 2023 5 2034 4 
169 2 2 14 4 15 1 17 1 18 1 25 4 26 7 45 1 63 1 78 1 82 2 106 2 123 1 135 4 154 5 167 15 183 3 188 3 224 6 229 1 235 3 263 5 264 2 271 1 279 1 280 1 295 1 326 1 335 2 371 2 381 2 404 1 408 1 427 1 443 1 458 2 462 2 480 1 498 1 507 1 519 1 532 1 541 2 547 1 556 3 562 1 566 2 587 1 588 2 605 1 664 1 665 1 668 1 676 1 687 3 753 2 764 1 783 1 821 3 829 1 845 1 851 2 872 1 884 5 891 1 902 4 907 1 913 1 953 1 954 1 969 1 996 10 997 1 1004 1 1005 1 1008 2 1041 3 1048 2 1051 2 1056 1 1069 4 1105 1 1107 1 1110 1 1121 1 1138 1 1149 2 1176 2 1188 3 1195 10 1201 2 1246 1 1251 1 1253 1 1262 1 1265 2 1272 1 1279 15 1280 3 1306 1 1341 3 1348 6 1369 1 1371 1 1384 1 1391 1 1393 1 1422 4 1423 1 1426 1 1434 1 1469 1 1475 1 1485 1 1502 2 1509 1 1551 2 1558 1 1573 1 1586 2 1589 1 1601 2 1638 1 1646 2 1649 28 1651 1 1668 3 1671 3 1672 1 1677 2 1678 1 1705 2 1712 1 1713 1 1727 1 1737 1 1755 2 1770 1 1780 2 1783 2 1790 1 1797 1 1810 2 1865 1 1873 1 1882 3 1885 1 1889 1 1893 7 1919 2 1935 1 1937 7 1966 6 1967 2 1969 2 1971 2 1989 22 2023 4 2029 5 2034 3 2037 1 2039 1 2046 2 2047 1 2054 2 2064 1 2070 1 2086 1 2088 1 
23 76 5 162 1 188 2 462 2 525 1 652 1 771 5 830 1 964 2 977 1 1060 1 1116 1 1287 1 1348 12 1371 2 1405 13 1652 1 1694 1 1888 1 1942 1 1956 2 1960 1 2039 2 
140 0 3 18 1 25 1 40 2 43 1 47 1 63 3 73 22 76 1 78 1 115 3 123 1 126 1 127 1 150 1 163 2 166 1 188 1 232 1 243 5 244 1 252 3 279 1 280 6 286 1 354 2 362 1 365 3 371 1 381 1 394 1 399 2 423 11 427 2 436 3 452 1 458 4 463 3 514 1 527 2 533 1 563 1 569 2 619 1 632 1 642 2 652 1 669 1 701 1 703 1 720 1 764 1 765 1 786 6 810 1 851 1 852 1 860 1 872 3 892 1 906 1 911 1 913 1 936 2 975 2 976 2 1015 4 1034 1 1036 1 1041 1 1051 1 1072 3 1085 1 1116 1 1120 3 1149 1 1153 1 1154 1 1169 1 1176 1 1185 4 1195 7 1253 5 1308 1 1311 1 1328 1 1337 1 1344 1 1348 6 1359 2 1363 1 1388 1 1390 3 1391 1 1394 1 1399 24 1409 1 1432 1 1493 1 1499 1 1501 1 1503 1 1510 2 1526 3 1554 1 1576 1 1601 4 1625 1 1665 2 1668 1 1677 1 1687 1 1694 2 1712 1 1719 11 1734 1 1748 1 1756 5 1780 1 1800 1 1810 1 1843 1 1850 1 1852 1 1867 1 1877 1 1882 1 1888 1 1919 1 1945 1 1951 1 1960 1 1970 1 1999 7 2000 1 2006 3 2023 1 2063 1 2068 1 2094 1 
12 6 1 562 1 655 1 682 6 715 3 1132 1 1180 4 1359 2 1387 1 1577 1 1961 6 1987 1 
46 31 1 35 22 51 1 246 1 260 1 381 1 394 1 417 1 510 4 518 1 651 3 662 8 671 2 735 1 764 5 769 2 804 1 823 1 849 1 952 8 973 1 985 1 1078 3 1172 1 1180 5 1349 3 1410 5 1442 2 1460 1 1496 1 1503 22 1510 3 1560 5 1648 1 1673 1 1685 2 1702 1 1737 1 1793 1 1852 1 1877 1 1889 2 1907 2 1953 1 1972 2 1993 1 
25 101 1 212 3 233 2 238 1 296 3 441 1 450 1 455 1 468 1 552 1 578 1 584 1 711 1 731 1 777 2 848 1 1086 10 1198 8 1336 2 1367 2 1439 4 1522 1 1688 2 1697 1 1887 1 
1 1174 1 
39 24 2 135 4 218 2 289 6 381 7 391 1 393 3 412 1 535 1 546 6 553 2 676 1 692 2 701 3 712 2 792 3 796 2 803 6 861 3 868 1 1033 4 1137 3 1273 1 1297 1 1391 8 1566 1 1568 1 1611 7 1650 2 1663 9 1682 2 1774 2 1784 7 1806 1 1821 1 1836 2 1897 1 1899 2 2075 1 
26 42 1 201 1 224 4 314 1 364 1 384 1 464 3 550 1 590 1 599 2 662 2 1022 1 1074 1 1110 2 1154 1 1204 3 1503 19 1510 3 1559 1 1685 5 1939 1 1986 1 1994 2 2000 1 2025 2 2102 1 
126 0 4 14 1 19 1 25 3 32 1 47 2 92 1 103 3 106 4 114 1 166 6 173 1 202 2 252 6 256 1 275 1 284 1 336 1 380 1 415 3 452 4 463 18 480 5 483 3 500 3 504 1 507 1 544 1 547 3 563 2 583 1 607 3 642 2 654 1 668 1 670 2 680 3 703 14 707 1 708 1 736 2 772 1 789 2 798 1 809 14 820 4 839 2 858 1 865 2 874 3 927 1 940 4 958 1 985 1 997 1 1012 1 1020 1 1036 3 1063 1 1069 2 1071 3 1097 1 1098 3 1117 1 1134 1 1138 1 1149 1 1154 1 1169 2 1178 3 1195 3 1196 1 1212 1 1222 1 1223 4 1249 2 1334 1 1343 1 1355 2 1377 2 1387 1 1390 1 1399 19 1406 1 1476 6 1483 1 1501 4 1505 5 1548 1 1598 3 1623 2 1656 7 1667 5 1668 1 1676 4 1685 7 1693 1 1751 1 1768 1 1790 1 1801 3 1825 1 1831 1 1832 3 1882 6 1888 1 1889 1 1894 1 1919 5 1934 15 1959 1 1975 1 1979 2 2008 1 2034 1 2037 1 2046 10 2049 2 2055 1 2058 8 2070 3 2074 1 2081 1 2082 4 2083 18 2102 1 
32 28 6 76 2 110 1 123 3 211 1 341 1 362 1 547 1 569 2 582 1 605 3 658 1 741 1 790 2 808 1 851 1 949 5 1074 1 1187 1 1307 4 1348 2 1542 2 1700 1 1713 2 1760 1 1783 2 1791 1 1876 2 1901 6 1945 1 1963 1 1984 1 
31 114 1 146 4 153 1 184 11 248 16 263 3 271 1 310 1 366 1 397 1 410 2 602 2 780 3 939 1 953 1 1282 1 1344 1 1348 18 1423 1 1498 1 1541 1 1598 2 1666 1 1693 1 1764 2 1825 1 1831 6 1839 1 1878 3 1918 1 2062 1 
29 121 3 249 1 285 6 475 1 648 1 667 6 746 1 866 16 888 6 896 6 897 3 924 1 951 16 1011 11 1042 12 1215 1 1301 9 1339 1 1420 1 1435 2 1453 1 1530 1 1565 2 1683 3 1742 1 1931 3 1947 1 1981 50 1996 1 
41 4 1 58 2 89 1 98 10 107 2 262 1 282 1 385 6 409 1 420 1 472 1 487 1 538 1 545 1 623 1 738 10 745 1 748 24 856 1 971 3 992 1 1002 2 1046 2 1140 1 1158 1 1228 1 1389 1 1490 2 1506 1 1511 3 1594 3 1827 1 1863 3 1954 1 1991 1 2028 4 2033 1 2041 1 2059 1 2096 1 2100 2 
39 69 1 74 1 118 1 119 2 123 10 294 2 301 1 326 1 340 1 478 3 521 1 586 1 647 1 668 1 677 1 761 4 849 3 853 1 902 1 1123 1 1300 1 1346 1 1348 3 1353 1 1391 1 1413 1 1456 1 1479 1 1486 1 1548 8 1551 2 1598 4 1668 1 1737 2 1756 15 1805 2 2000 1 2015 1 2050 2 
16 6 1 46 1 145 1 151 1 276 1 350 1 399 4 489 2 632 1 660 1 952 11 958 1 1277 5 1383 11 1690 1 2092 10 
48 24 1 30 1 36 1 55 1 86 1 131 5 153 1 208 5 225 2 258 1 275 2 324 1 381 2 481 4 533 2 553 1 557 4 566 8 573 6 577 1 686 2 692 1 701 1 795 1 826 1 842 1 938 1 945 5 964 3 968 1 985 2 1033 3 1098 2 1236 1 1275 1 1302 1 1332 1 1382 1 1446 3 1550 2 1569 2 1598 2 1611 6 1663 3 1936 1 1982 10 2047 1 2075 1 
40 47 7 48 1 76 1 106 1 148 1 237 6 240 3 256 1 263 1 304 1 326 1 463 9 566 2 569 1 571 1 594 1 600 2 670 4 858 1 913 2 939 1 952 20 958 2 999 1 1044 1 1066 1 1101 3 1164 9 1410 2 1444 1 1485 2 1502 2 1535 1 1536 1 1627 1 1791 2 1909 1 1960 1 1980 1 2068 1 
47 8 1 18 2 26 22 66 1 153 1 171 1 223 3 248 10 307 1 326 1 348 5 375 1 438 2 526 1 550 1 566 6 569 1 654 1 658 1 688 1 708 1 806 1 818 2 824 9 854 1 883 2 891 2 913 4 1115 1 1131 1 1169 1 1211 1 1212 1 1223 1 1238 1 1266 1 1335 3 1348 3 1598 1 1623 3 1704 3 1810 1 1821 1 1831 4 1882 1 1884 5 1992 1 
106 48 1 51 1 74 2 106 5 123 3 129 2 166 1 203 5 250 1 256 1 314 2 318 1 348 8 351 1 360 1 362 2 373 1 375 1 381 1 402 2 423 6 445 4 462 4 480 1 485 6 527 1 533 1 555 1 562 2 566 1 591 1 597 2 606 1 649 1 658 3 661 3 697 1 698 1 701 1 705 1 764 4 767 5 793 1 810 2 820 1 903 5 908 1 910 2 922 1 969 1 989 1 997 1 1009 1 1023 1 1030 1 1066 2 1069 2 1079 1 1092 2 1121 1 1130 1 1147 1 1179 4 1183 2 1223 1 1291 1 1298 1 1324 1 1331 1 1368 8 1371 2 1390 2 1414 1 1417 3 1440 1 1476 2 1483 2 1536 1 1555 3 1588 4 1623 3 1680 1 1681 1 1704 1 1755 4 1756 20 1773 1 1791 1 1802 1 1824 1 1851 2 1889 1 1907 3 1910 1 1935 1 1956 1 1971 1 2003 1 2009 1 2013 1 2023 10 2024 4 2038 1 2045 2 2046 1 2073 8 
127 18 2 47 2 59 3 74 2 100 1 138 1 166 1 175 1 180 1 234 1 237 1 258 3 263 1 264 2 280 1 299 1 316 1 319 1 353 1 356 1 401 1 453 1 458 2 462 41 504 2 527 2 539 1 558 2 563 1 636 1 670 1 672 2 676 1 682 4 684 5 690 4 700 1 701 1 728 15 767 2 785 1 786 15 789 2 809 10 820 1 883 2 885 2 892 1 902 3 913 1 963 1 975 1 977 1 978 2 980 3 1016 4 1030 1 1037 1 1041 1 1072 3 1075 1 1082 1 1096 1 1121 1 1126 1 1128 1 1130 3 1134 1 1138 1 1188 4 1195 18 1213 3 1237 4 1271 3 1283 1 1290 3 1298 1 1316 1 1328 4 1331 9 1348 1 1383 7 1387 1 1434 3 1498 1 1510 3 1554 2 1598 2 1608 1 1622 1 1625 5 1668 2 1680 1 1689 1 1696 1 1748 1 1764 1 1768 3 1780 2 1788 1 1790 2 1805 1 1807 1 1816 3 1838 2 1857 1 1867 1 1876 3 1880 3 1882 5 1888 1 1893 1 1919 1 1923 1 1925 2 1934 3 1939 1 1946 4 1951 1 1969 3 2023 1 2037 1 2046 23 2081 9 2082 7 2088 2 2091 1 
22 45 1 185 1 248 8 263 2 309 1 314 1 492 1 518 1 521 1 557 1 586 1 626 1 885 5 931 1 1101 2 1169 1 1218 1 1314 2 1348 8 1674 1 1823 1 1934 2 
136 26 12 56 1 63 1 72 6 73 9 178 2 188 1 190 1 203 2 228 2 237 1 269 1 293 2 306 1 323 1 329 4 335 3 346 2 410 1 413 1 423 3 425 1 454 1 462 7 490 2 523 1 541 1 544 1 562 1 569 1 586 2 617 1 624 2 634 1 637 1 639 4 670 1 682 4 689 2 717 3 734 1 752 1 760 1 761 3 774 1 800 6 838 1 852 14 869 1 874 2 887 1 941 1 961 1 993 1 1044 1 1048 1 1053 1 1055 1 1063 1 1072 2 1098 2 1116 1 1118 1 1122 1 1138 2 1148 1 1149 2 1157 1 1164 1 1176 1 1180 2 1195 4 1241 1 1258 4 1263 1 1265 3 1268 2 1280 1 1289 1 1298 6 1307 4 1352 1 1361 1 1363 1 1365 1 1388 5 1390 1 1391 1 1405 4 1416 1 1444 1 1446 4 1452 1 1460 1 1466 1 1485 1 1502 1 1542 1 1548 3 1578 1 1657 1 1677 1 1681 1 1687 1 1696 10 1702 1 1715 1 1728 6 1729 1 1736 1 1739 2 1748 1 1751 1 1756 3 1762 1 1763 1 1768 3 1770 1 1798 3 1800 1 1805 1 1833 1 1835 1 1851 1 1882 15 1889 2 1907 1 1920 1 1934 2 1939 2 1948 1 1966 1 1970 1 2023 2 2040 1 2088 4 
44 17 1 23 1 47 4 123 2 129 2 248 4 381 1 394 1 416 1 504 1 566 3 598 2 617 2 658 7 662 3 780 5 877 1 928 5 974 1 975 1 1034 1 1067 2 1122 1 1138 1 1165 2 1195 5 1221 1 1280 3 1379 2 1392 1 1405 5 1415 6 1432 1 1449 3 1503 56 1623 1 1675 1 1738 1 1851 1 1871 3 1919 2 1925 3 1993 1 2087 2 
69 9 2 68 5 101 1 140 6 176 2 179 3 189 7 198 7 212 3 227 7 254 8 311 1 316 1 332 14 339 1 419 1 454 3 468 1 473 1 529 3 565 1 567 1 570 35 584 4 621 1 627 3 684 1 722 2 731 15 740 4 765 1 777 2 822 1 834 12 875 2 880 1 970 8 995 1 1028 3 1070 1 1073 2 1083 4 1198 1 1321 3 1381 2 1437 5 1447 3 1458 1 1468 5 1473 4 1478 1 1522 9 1543 1 1562 2 1625 1 1645 3 1688 4 1741 2 1757 1 1779 1 1789 1 1819 2 1834 2 1868 1 1887 1 1932 7 1976 1 1995 2 2051 2 
1 791 1 
3 511 1 1174 1 1546 2 
42 24 2 138 1 147 3 192 1 217 1 225 1 281 1 289 1 317 1 361 1 372 1 476 5 481 3 503 1 528 1 573 4 685 1 701 1 716 1 796 1 803 2 861 1 904 1 985 4 1033 2 1138 1 1236 3 1332 1 1391 12 1546 1 1611 1 1663 7 1806 1 1820 1 1885 1 1899 1 1916 1 1950 1 2010 1 2027 2 2078 1 2084 8 
3 178 7 333 1 1240 1 
55 43 1 76 1 135 2 188 1 228 1 251 4 258 1 358 1 414 2 424 1 500 1 562 1 569 2 589 6 624 5 632 1 654 1 686 1 697 1 703 5 755 2 799 21 841 1 860 1 861 2 961 5 1026 1 1041 2 1088 1 1102 1 1116 1 1130 1 1151 1 1179 2 1188 4 1195 5 1223 1 1391 2 1399 34 1400 4 1442 1 1482 1 1499 1 1508 1 1535 1 1611 1 1687 1 1765 6 1797 2 1838 1 1857 2 1871 1 1889 2 1960 1 2005 1 
31 58 1 89 1 124 4 282 5 385 12 418 3 460 1 538 3 633 11 699 1 745 2 750 1 775 1 856 1 935 5 971 2 1002 1 1003 1 1046 4 1188 2 1228 1 1288 2 1323 1 1707 18 1861 1 1863 1 1912 6 2011 3 2028 3 2033 2 2096 2 
29 14 1 33 6 449 1 548 1 562 1 577 1 617 8 663 1 737 1 768 1 818 1 869 1 945 3 952 20 1013 1 1103 5 1131 1 1138 3 1348 13 1391 1 1405 10 1623 6 1691 1 1700 1 1758 2 1787 1 1805 1 1999 12 2068 2 
157 17 1 21 5 28 5 32 1 35 1 40 1 47 4 83 2 103 3 106 2 114 1 119 1 148 1 188 1 194 2 204 1 207 1 210 1 245 1 260 1 280 1 288 1 293 2 294 4 300 1 319 1 320 2 326 1 329 6 344 5 355 1 358 1 366 1 374 2 399 1 434 1 462 5 498 1 515 2 533 1 540 1 563 2 649 1 664 1 687 4 704 1 717 7 786 10 787 1 789 3 802 3 838 1 852 16 858 1 872 2 874 3 892 1 908 2 925 1 945 5 959 1 974 2 977 1 989 1 1004 2 1008 11 1041 4 1063 3 1067 3 1112 1 1117 5 1121 1 1132 1 1138 2 1139 8 1143 1 1149 2 1154 2 1159 3 1165 4 1180 1 1182 1 1195 6 1204 2 1268 1 1279 1 1283 2 1289 1 1296 1 1307 4 1308 4 1316 12 1337 2 1348 1 1359 1 1371 6 1388 7 1391 1 1397 1 1403 1 1422 1 1448 3 1452 1 1471 1 1483 1 1485 1 1487 1 1501 1 1504 1 1526 1 1535 1 1539 9 1548 1 1578 1 1588 2 1590 1 1598 1 1601 1 1608 4 1623 1 1632 1 1634 1 1648 2 1657 1 1658 1 1666 1 1668 1 1672 2 1681 1 1684 1 1689 4 1713 1 1727 1 1768 6 1780 2 1788 2 1790 1 1802 2 1807 1 1813 1 1849 3 1882 1 1898 1 1919 7 1946 1 1960 1 1971 1 1973 1 2016 1 2023 1 2034 2 2037 3 2046 19 2047 1 2057 2 2081 9 2102 1 
122 0 2 11 1 47 3 48 1 72 1 74 1 96 1 106 7 118 1 183 1 203 1 224 4 264 1 310 1 315 4 363 1 365 7 381 3 394 3 408 1 423 5 436 1 454 2 458 1 462 8 502 3 546 1 558 1 561 1 562 2 569 4 591 1 642 3 663 1 670 2 693 1 701 1 741 1 799 4 802 1 835 1 838 1 839 2 851 7 852 19 872 1 874 1 885 1 890 1 893 1 902 4 965 1 976 2 985 1 1024 1 1030 3 1034 1 1036 1 1041 4 1051 2 1067 5 1068 1 1072 4 1089 1 1112 1 1123 1 1138 1 1150 3 1154 1 1165 1 1179 3 1188 1 1223 5 1226 1 1244 1 1258 1 1263 1 1342 1 1348 1 1357 1 1374 1 1390 3 1392 1 1393 1 1399 6 1428 3 1487 4 1507 3 1513 3 1542 3 1548 1 1586 1 1598 3 1608 2 1626 1 1646 4 1665 1 1668 2 1674 1 1677 1 1681 1 1713 2 1738 2 1756 24 1768 2 1780 1 1783 1 1807 1 1838 1 1857 3 1866 1 1882 2 1919 1 1939 1 1960 1 1966 1 1987 1 2006 1 2019 1 2023 1 2046 25 2082 4 
16 76 2 243 4 335 3 394 2 652 2 799 4 1133 1 1348 10 1391 2 1416 1 1479 1 1560 1 1632 1 1801 9 1938 2 2082 1 
43 14 1 47 4 180 1 188 6 229 1 240 1 248 4 268 4 298 2 312 1 323 1 517 6 523 3 569 2 594 6 629 1 704 1 806 1 815 1 839 1 936 1 960 1 973 2 1076 1 1163 10 1218 2 1261 1 1363 4 1388 2 1390 2 1400 1 1516 2 1597 1 1605 1 1685 8 1710 1 1737 5 1744 1 1758 3 1817 1 1882 1 1919 3 1992 3 
39 101 2 108 1 212 3 219 14 233 1 277 1 390 1 398 1 422 1 537 8 552 2 574 2 578 1 584 4 592 1 627 4 650 2 695 2 731 2 740 13 777 1 882 2 943 9 1028 8 1059 1 1061 1 1073 18 1198 1 1220 1 1386 1 1407 5 1429 5 1439 9 1645 4 1649 18 1723 1 1779 2 1883 2 2051 4 
44 147 2 153 4 181 2 210 1 287 1 381 2 429 1 549 1 553 1 557 2 688 1 714 1 796 12 803 2 817 3 840 4 904 2 982 1 1030 1 1033 4 1112 4 1227 1 1391 5 1533 1 1550 1 1561 6 1574 1 1595 1 1611 9 1640 1 1663 8 1699 1 1774 3 1796 2 1897 1 1951 1 1970 1 1978 7 2002 1 2068 3 2078 2 2084 12 2097 5 2099 1 
134 15 6 25 10 47 2 72 1 78 1 106 5 118 1 123 9 143 3 166 3 177 1 194 1 245 1 256 1 260 1 348 1 350 3 399 3 404 1 411 1 452 2 465 1 467 1 498 1 504 1 513 1 533 1 547 1 548 2 551 1 566 1 605 2 606 1 607 4 655 2 662 5 674 1 696 1 701 1 703 3 736 1 744 1 760 1 761 6 764 4 789 3 802 1 804 4 810 2 827 1 839 2 849 4 852 18 874 1 945 1 978 1 988 1 1051 4 1063 1 1067 1 1074 1 1090 1 1117 1 1125 2 1131 2 1141 1 1143 1 1154 1 1180 1 1202 1 1204 1 1222 2 1223 1 1229 1 1239 3 1243 1 1249 1 1291 2 1298 22 1348 4 1391 4 1396 2 1400 3 1402 4 1405 3 1406 1 1443 1 1446 2 1448 3 1452 1 1460 1 1477 1 1499 2 1516 4 1539 1 1582 1 1601 1 1612 1 1627 1 1633 2 1657 1 1667 3 1668 1 1677 1 1690 3 1715 4 1719 5 1727 1 1754 1 1756 21 1768 2 1780 1 1781 1 1801 5 1811 1 1814 1 1831 1 1881 1 1882 6 1919 5 1943 4 1971 1 1982 2 2006 1 2013 2 2018 2 2024 1 2032 2 2034 1 2039 1 2049 1 2053 1 2061 1 2081 7 
22 123 6 558 2 569 1 700 1 744 1 801 1 952 1 1092 2 1185 17 1348 4 1402 3 1621 1 1702 1 1770 1 1804 1 1851 4 1888 1 1924 1 1944 3 2004 1 2052 1 2057 1 
49 15 11 84 5 92 1 105 1 119 3 143 1 275 2 298 2 381 1 433 1 444 1 579 1 743 1 786 8 788 1 804 3 820 1 867 1 889 1 944 6 963 1 1138 1 1142 1 1182 1 1199 1 1221 1 1225 1 1272 3 1371 1 1373 1 1391 1 1412 1 1419 1 1452 2 1504 1 1583 1 1628 4 1654 1 1662 1 1685 2 1696 18 1702 1 1788 5 1831 2 1850 1 1888 1 1891 1 1990 1 2023 2 
97 17 1 23 1 47 2 51 1 74 2 166 1 184 7 203 1 231 1 250 1 266 2 275 2 288 2 293 1 368 1 369 1 417 1 436 4 458 1 459 5 462 6 470 1 485 1 488 2 586 1 608 2 682 1 703 2 718 2 727 1 761 1 765 3 791 1 799 2 802 2 807 1 824 2 847 1 874 1 885 1 901 1 903 9 956 1 1041 1 1068 1 1074 1 1098 2 1099 1 1112 1 1114 1 1118 1 1126 1 1154 2 1175 3 1185 1 1188 2 1189 5 1195 2 1233 1 1271 1 1356 2 1370 1 1378 1 1388 2 1395 2 1403 1 1451 2 1487 1 1512 1 1518 2 1523 1 1548 3 1586 2 1623 10 1634 1 1668 1 1678 1 1685 1 1712 1 1714 1 1719 15 1726 1 1743 1 1766 1 1770 2 1783 1 1805 1 1824 4 1826 3 1871 9 1882 6 1919 4 1939 3 2005 3 2023 1 2030 1 2040 1 
100 25 1 35 9 38 4 54 2 63 2 76 1 84 1 106 2 110 2 119 1 128 2 132 1 154 1 199 1 203 1 208 1 224 2 230 1 265 2 280 2 293 1 303 1 381 1 415 1 458 3 464 1 478 1 506 1 523 1 533 1 546 1 559 1 583 1 599 1 617 6 632 1 679 1 698 1 700 1 701 1 737 4 782 1 802 4 818 3 839 3 861 1 862 1 874 5 903 1 912 4 936 2 967 1 980 1 1006 1 1068 2 1106 1 1121 3 1195 6 1238 2 1308 3 1311 1 1331 11 1335 1 1348 10 1352 1 1356 1 1363 2 1449 1 1454 1 1489 2 1527 1 1559 1 1571 1 1608 2 1613 1 1665 1 1673 1 1679 1 1696 4 1702 1 1748 2 1763 1 1777 1 1790 1 1801 1 1841 2 1851 1 1882 2 1919 3 1924 1 1959 1 1970 1 1971 1 2009 1 2023 1 2034 2 2056 5 2068 1 2082 1 2086 1 
152 999
