1841 1621 165
1 425 1 
1 1577 1 
1 204 1 
1 983 2 
1 1607 4 
1 1074 1 
1 1363 1 
1 1325 1 
1 53 2 
1 992 1 
1 839 1 
1 1091 1 
1 1281 1 
1 1017 1 
1 813 1 
1 1073 1 
1 1113 1 
1 1500 1 
1 700 1 
1 1453 1 
1 1331 1 
1 1051 1 
1 628 1 
1 906 1 
1 115 1 
1 1226 1 
1 894 1 
1 379 1 
1 672 1 
1 708 9 
1 885 1 
1 273 1 
1 317 1 
1 1082 1 
1 1518 3 
1 423 1 
1 1445 1 
1 1512 1 
1 866 1 
1 1138 1 
1 1362 1 
1 1296 1 
1 2 1 
1 404 1 
1 47 1 
1 1179 1 
1 759 5 
1 329 1 
1 495 1 
1 1606 1 
1 961 2 
1 1429 1 
1 216 1 
1 1358 1 
1 639 1 
1 1110 1 
1 157 1 
1 1257 1 
1 1459 1 
1 1150 2 
1 297 1 
1 231 1 
1 360 1 
1 1554 6 
1 257 1 
1 1060 1 
1 625 1 
1 560 2 
1 356 1 
1 340 3 
1 754 1 
1 977 1 
1 43 1 
1 1563 1 
1 1212 1 
1 1139 1 
1 971 1 
1 619 1 
1 675 1 
1 118 1 
1 1556 1 
1 786 1 
1 849 2 
1 112 1 
1 236 1 
1 187 1 
1 875 1 
1 695 6 
1 648 1 
1 851 2 
1 380 1 
1 1080 1 
1 1136 1 
1 1129 1 
1 1050 1 
1 970 1 
1 925 1 
1 1200 1 
1 1354 1 
1 45 1 
1 1315 1 
1 826 1 
1 1111 2 
1 1357 1 
1 440 1 
1 797 1 
1 1244 1 
1 205 1 
1 220 1 
1 1003 1 
1 717 2 
1 1533 3 
1 390 1 
1 1264 1 
1 102 1 
1 1416 1 
1 1395 1 
1 1252 1 
1 1579 1 
1 1156 1 
1 534 1 
1 238 1 
1 324 1 
1 27 1 
1 74 1 
1 732 1 
1 1451 4 
1 176 1 
1 644 1 
1 1324 1 
1 16 1 
1 1312 1 
1 250 1 
1 115 1 
1 1603 1 
1 548 1 
1 1277 1 
1 151 1 
1 653 1 
1 731 1 
1 1473 1 
1 1065 1 
1 1505 2 
1 223 1 
1 881 1 
1 1137 1 
1 1004 1 
1 509 1 
1 364 3 
1 147 1 
1 1145 1 
1 298 1 
1 760 1 
1 621 1 
1 145 1 
1 807 1 
1 1 1 
1 1106 1 
1 813 1 
1 491 1 
1 316 1 
1 300 1 
1 39 2 
1 1385 1 
1 574 1 
1 234 1 
1 1154 1 
1 785 2 
1 1037 2 
1 1111 1 
1 1565 1 
1 373 1 
1 296 1 
1 960 1 
1 553 1 
1 121 1 
1 195 1 
1 862 1 
1 96 2 
1 1404 1 
1 1142 1 
1 755 1 
1 1474 1 
1 1396 1 
1 209 1 
1 332 1 
1 417 1 
1 70 2 
1 1297 1 
1 764 1 
1 1236 1 
1 99 1 
1 701 2 
1 149 1 
1 1054 1 
1 510 1 
1 44 1 
1 451 1 
1 412 1 
1 1201 1 
1 932 1 
1 966 1 
1 609 1 
1 918 1 
1 566 1 
1 1199 1 
1 237 1 
1 867 1 
1 222 1 
1 1156 1 
1 1540 1 
1 765 1 
1 1571 1 
1 562 1 
1 188 1 
1 1286 1 
1 388 1 
1 3 1 
1 587 1 
1 552 1 
1 1146 2 
1 907 1 
1 948 1 
1 1117 1 
1 1410 1 
1 668 1 
1 726 1 
1 641 1 
1 497 1 
1 658 1 
1 986 3 
1 302 1 
1 453 1 
1 394 1 
1 80 1 
1 452 1 
1 1308 1 
1 1096 1 
1 1156 1 
1 1557 1 
1 1403 1 
1 265 1 
1 490 1 
1 521 4 
1 638 4 
1 982 8 
1 678 1 
1 1183 1 
1 908 1 
1 1433 1 
1 1230 1 
1 1009 1 
1 1167 1 
1 516 1 
1 769 4 
1 592 1 
1 1197 1 
1 1314 1 
1 398 1 
1 1278 1 
1 1375 1 
1 830 1 
1 1229 1 
1 1123 1 
1 1568 1 
1 782 1 
1 1 1 
1 823 1 
1 606 1 
1 605 1 
1 5 1 
1 858 1 
1 1576 1 
1 1028 1 
1 950 1 
1 748 1 
1 1118 1 
1 579 2 
1 34 1 
1 704 1 
1 288 1 
1 182 3 
1 1283 1 
1 718 2 
1 287 1 
1 60 3 
1 253 1 
1 1126 1 
1 844 1 
1 409 2 
1 685 1 
1 981 2 
1 1094 1 
1 1071 4 
1 683 1 
1 774 4 
1 1095 10 
1 1367 1 
1 152 1 
1 325 1 
1 351 2 
1 1522 1 
1 941 1 
1 1249 1 
1 879 1 
1 636 2 
1 319 1 
1 1027 1 
1 1034 1 
1 1391 1 
1 277 1 
1 926 1 
1 1237 3 
1 620 2 
1 872 1 
1 657 1 
1 1501 1 
1 1469 4 
1 1611 1 
1 1156 1 
1 632 1 
1 1107 1 
1 818 1 
1 307 1 
1 279 1 
1 1074 1 
1 63 1 
1 1259 1 
1 1400 1 
1 1367 1 
1 199 1 
1 1216 1 
1 978 1 
1 1462 1 
1 937 1 
1 1399 1 
1 278 1 
1 720 1 
1 4 2 
1 1341 1 
1 1141 2 
1 776 1 
1 959 1 
1 532 1 
1 1172 1 
1 540 1 
1 1213 1 
1 892 1 
1 1587 2 
1 1029 1 
1 804 1 
1 1074 1 
1 628 1 
1 910 1 
1 743 2 
1 1618 1 
1 1086 4 
1 158 2 
1 1164 2 
1 1170 1 
1 504 1 
1 706 1 
1 728 1 
1 549 2 
1 727 5 
1 1530 1 
1 756 1 
1 865 1 
1 597 1 
1 994 1 
1 926 1 
1 1350 2 
1 945 1 
1 280 1 
1 979 1 
1 1234 1 
1 850 1 
1 1078 1 
1 1384 1 
1 251 1 
1 1030 1 
1 1018 1 
1 215 1 
1 470 1 
1 1368 2 
1 544 1 
1 601 6 
1 1320 1 
1 198 2 
1 1592 1 
1 1311 1 
1 914 1 
1 652 1 
1 496 1 
1 802 1 
1 229 1 
1 667 1 
1 452 1 
1 144 1 
1 1194 1 
1 594 1 
1 114 2 
1 127 1 
1 680 1 
1 397 2 
1 1045 2 
1 1203 1 
1 330 1 
1 150 1 
1 467 1 
1 854 1 
1 1515 1 
1 1120 1 
1 695 1 
1 768 1 
1 210 1 
1 1614 1 
1 735 1 
1 197 1 
1 900 1 
1 517 2 
1 943 1 
1 1017 1 
1 103 4 
1 567 1 
1 666 1 
1 208 1 
1 386 1 
1 1018 1 
1 1601 1 
1 1069 1 
1 738 1 
1 1536 1 
1 1413 1 
1 1239 1 
1 1434 5 
1 868 1 
1 789 1 
1 1084 1 
1 314 1 
1 393 1 
1 154 1 
1 1005 1 
1 1220 1 
1 387 1 
1 1457 1 
1 1484 1 
1 837 1 
1 50 1 
1 1390 1 
1 984 1 
1 304 1 
1 1043 1 
1 1267 1 
1 52 4 
1 1479 1 
1 1195 1 
1 1257 1 
1 971 1 
1 1246 1 
1 357 1 
1 551 1 
1 86 1 
1 241 1 
1 586 1 
1 447 1 
1 1442 1 
1 424 1 
1 859 1 
1 806 3 
1 30 1 
1 1604 1 
1 25 1 
1 374 1 
1 545 1 
1 1367 1 
1 468 1 
1 1424 1 
1 20 1 
1 655 1 
1 83 1 
1 91 1 
1 1380 1 
1 506 1 
1 774 1 
1 991 1 
1 46 1 
1 1174 1 
1 377 1 
1 618 1 
1 316 1 
1 1398 1 
1 815 2 
1 310 1 
1 1177 1 
1 1130 1 
1 903 1 
1 592 1 
1 1098 1 
1 1238 1 
1 613 1 
1 852 6 
1 770 1 
1 714 1 
1 1382 1 
1 877 1 
1 445 1 
1 264 1 
1 582 1 
1 455 1 
1 1599 1 
1 1389 1 
1 1490 1 
1 1452 2 
1 763 1 
1 1503 1 
1 878 1 
1 443 1 
1 673 1 
1 1198 1 
1 1024 1 
1 303 1 
1 347 1 
1 1163 1 
1 796 3 
1 870 1 
1 492 2 
1 91 1 
1 271 2 
1 1006 10 
1 502 1 
1 525 1 
1 797 1 
1 869 1 
1 1586 1 
1 660 1 
1 1005 1 
1 1345 1 
1 779 1 
1 1187 1 
1 1608 1 
1 1499 2 
1 286 1 
1 1542 1 
1 688 1 
1 9 1 
1 143 1 
1 1255 1 
1 829 1 
1 928 1 
1 235 1 
1 1182 1 
1 375 1 
1 1063 1 
1 993 1 
1 333 1 
1 1246 1 
1 24 1 
1 308 1 
1 816 2 
1 49 1 
1 422 1 
1 1068 1 
1 133 1 
1 987 1 
1 134 1 
1 1370 1 
1 1497 1 
1 97 1 
1 337 1 
1 1435 1 
1 1020 1 
1 1564 1 
1 124 1 
1 1191 1 
1 556 1 
1 513 1 
1 1367 1 
1 115 1 
1 1360 1 
1 1157 1 
1 1156 1 
1 973 1 
1 1453 1 
1 931 1 
1 1193 2 
1 819 1 
1 382 1 
1 331 1 
1 884 1 
1 363 1 
1 893 2 
1 724 1 
1 588 1 
1 48 1 
1 1286 1 
1 1 1 
1 1347 2 
1 116 3 
1 90 1 
1 1033 1 
1 1185 6 
1 89 2 
1 805 1 
1 1166 1 
1 511 1 
1 1294 1 
1 1232 1 
1 1489 1 
1 1422 1 
1 1523 2 
1 62 1 
1 439 1 
1 37 1 
1 964 1 
1 1 1 
1 1151 1 
1 1056 1 
1 781 1 
1 1210 1 
1 41 1 
1 1549 2 
1 888 1 
1 1597 1 
1 871 2 
1 451 1 
1 566 1 
1 595 1 
1 434 1 
1 956 1 
1 1589 1 
1 441 1 
1 1466 1 
1 989 1 
1 676 2 
1 190 1 
1 1538 1 
1 538 1 
1 218 1 
1 493 1 
1 376 1 
1 1275 1 
1 213 11 
1 1008 3 
1 1041 1 
1 775 1 
1 951 1 
1 1299 1 
1 416 1 
1 507 1 
1 11 1 
1 616 2 
1 309 1 
1 354 1 
1 1478 1 
1 324 1 
1 275 1 
1 1460 1 
1 323 1 
1 952 1 
1 263 1 
1 100 1 
1 1326 1 
1 592 1 
1 131 1 
1 123 1 
1 1284 2 
1 1 1 
1 1023 1 
1 923 1 
1 1184 1 
1 137 1 
1 633 1 
1 410 1 
1 901 1 
1 1053 1 
1 33 1 
1 518 1 
1 1426 1 
1 882 1 
1 1548 1 
1 392 1 
1 834 11 
1 1612 1 
1 1510 1 
1 1114 1 
1 217 1 
1 429 1 
1 1289 1 
1 930 1 
1 774 1 
1 385 4 
1 640 1 
1 976 3 
1 310 1 
1 661 1 
1 1449 1 
1 1439 1 
1 482 2 
1 1062 2 
1 1463 1 
1 598 1 
1 912 1 
1 1115 1 
1 76 1 
1 1285 1 
1 1022 1 
1 142 1 
1 236 1 
1 967 1 
1 159 1 
1 289 1 
1 1040 4 
1 107 1 
1 526 1 
1 671 1 
1 460 1 
1 167 1 
1 44 1 
1 689 1 
1 1285 1 
1 1181 1 
1 478 2 
1 1365 1 
1 856 2 
1 697 1 
1 1182 1 
1 935 1 
1 1178 1 
1 1061 1 
1 1546 1 
1 400 2 
1 1313 1 
1 435 1 
1 406 1 
1 471 1 
1 897 1 
1 432 1 
1 606 1 
1 236 1 
1 1142 1 
1 1580 1 
1 79 1 
1 1559 1 
1 1593 3 
1 589 1 
1 739 2 
1 542 1 
1 1371 1 
1 84 1 
1 370 1 
1 38 2 
1 29 1 
1 1085 1 
1 1342 1 
1 1104 1 
1 321 1 
1 1590 1 
1 842 1 
1 1600 1 
1 1241 1 
1 1589 1 
1 270 1 
1 343 1 
1 1205 1 
1 888 1 
1 75 1 
1 1609 1 
1 181 3 
1 857 1 
1 1414 1 
1 338 1 
1 975 2 
1 1582 1 
1 896 1 
1 128 1 
1 269 1 
1 1066 1 
1 531 1 
1 822 1 
1 1570 1 
1 758 1 
1 971 1 
1 687 2 
1 853 1 
1 799 1 
1 1427 6 
1 631 1 
1 992 4 
1 1498 1 
1 1247 4 
1 454 2 
1 1438 1 
1 255 1 
1 1 1 
1 1339 2 
1 1514 1 
1 126 1 
1 808 1 
1 1 1 
1 740 1 
1 630 1 
1 421 1 
1 661 1 
1 1279 1 
1 1133 1 
1 1012 5 
1 787 1 
1 1082 1 
1 463 2 
1 1059 1 
1 615 1 
1 522 1 
1 1217 1 
1 1069 1 
1 1162 1 
1 232 1 
1 745 1 
1 977 1 
1 539 3 
1 242 1 
1 604 1 
1 780 1 
1 1211 1 
1 7 1 
1 1302 1 
1 153 1 
1 906 1 
1 1001 2 
1 1415 1 
1 650 1 
1 1103 1 
1 1351 1 
1 258 1 
1 1344 1 
1 1366 1 
1 67 1 
1 139 1 
1 175 1 
1 904 1 
1 1288 1 
1 988 1 
1 1516 1 
1 1081 1 
1 345 1 
1 1277 1 
1 267 1 
1 1262 1 
1 1477 1 
1 905 1 
1 661 1 
1 224 1 
1 558 1 
1 72 1 
1 665 1 
1 42 1 
1 1567 1 
1 969 1 
1 1466 1 
1 1055 1 
1 710 1 
1 507 1 
1 174 1 
1 1100 1 
1 733 1 
1 1327 1 
1 132 1 
1 1520 3 
1 947 1 
1 609 1 
1 1204 1 
1 519 1 
1 627 1 
1 430 2 
1 1436 1 
1 1581 1 
1 456 2 
1 1372 1 
1 1355 1 
1 778 1 
1 320 1 
1 792 1 
1 555 5 
1 848 1 
1 152 1 
1 1305 14 
1 433 1 
1 420 1 
1 580 1 
1 958 1 
1 1067 1 
1 1208 1 
1 713 1 
1 61 1 
1 1525 1 
1 1350 2 
1 344 5 
1 520 1 
1 1059 1 
1 1090 1 
1 1 1 
1 173 1 
1 1049 1 
1 1335 1 
1 1116 1 
1 292 1 
1 1101 1 
1 1493 1 
1 1309 3 
1 623 1 
1 41 1 
1 1140 1 
1 1122 1 
1 1224 6 
1 1233 1 
1 1527 1 
1 1182 1 
1 795 1 
1 419 1 
1 939 1 
1 472 1 
1 1161 9 
1 256 1 
1 327 1 
1 146 1 
1 88 1 
1 73 1 
1 607 1 
1 1487 1 
1 469 1 
1 1471 1 
1 1482 1 
1 811 1 
1 1411 1 
1 19 1 
1 1367 4 
1 1025 1 
1 1057 1 
1 752 1 
1 1271 1 
1 248 2 
1 614 1 
1 12 1 
1 477 1 
1 699 3 
1 1019 1 
1 735 1 
1 365 5 
1 949 2 
1 561 1 
1 1167 1 
1 1016 1 
1 226 1 
1 1272 1 
1 1068 1 
1 28 1 
1 474 1 
1 1033 1 
1 1521 1 
1 164 1 
1 1413 1 
1 193 5 
1 444 1 
1 971 1 
1 1148 1 
1 1087 1 
1 1108 1 
1 617 1 
1 51 1 
1 922 1 
1 438 1 
1 1494 1 
1 1215 1 
1 301 1 
1 306 1 
1 1531 1 
1 171 1 
1 772 1 
1 395 1 
1 339 1 
1 569 1 
1 1094 1 
1 980 1 
1 350 4 
1 1037 1 
1 275 1 
1 599 2 
1 1394 1 
1 57 1 
1 1373 3 
1 734 1 
1 898 1 
1 284 1 
1 1257 1 
1 266 1 
1 1526 1 
1 942 1 
1 94 1 
1 810 1 
1 178 8 
1 1468 1 
1 1350 1 
1 1383 1 
1 1610 1 
1 744 1 
1 462 1 
1 36 1 
1 1349 1 
1 963 1 
1 1171 1 
1 629 1 
1 798 1 
1 268 1 
1 766 1 
1 414 1 
1 1529 2 
1 568 1 
1 446 1 
1 1257 1 
1 841 1 
1 1092 1 
1 334 1 
1 793 1 
1 1242 1 
1 1553 1 
1 291 1 
1 247 1 
1 1488 1 
1 953 1 
1 177 1 
1 290 1 
1 1002 1 
1 1405 1 
1 1109 1 
1 1420 1 
1 1147 5 
1 1417 1 
1 262 1 
1 106 2 
1 358 1 
1 1454 1 
1 486 1 
1 1257 1 
1 251 1 
1 1443 2 
1 451 1 
1 499 1 
1 1440 1 
1 476 1 
1 557 1 
1 1421 1 
1 23 1 
1 1251 1 
1 396 1 
1 66 1 
1 1179 1 
1 1290 1 
1 1088 1 
1 698 1 
1 1303 1 
1 696 1 
1 1092 1 
1 326 3 
1 1485 1 
1 1159 1 
1 719 1 
1 1132 1 
1 681 1 
1 1265 3 
1 230 3 
1 824 1 
1 550 1 
1 11 1 
1 1256 1 
1 236 1 
1 294 1 
1 1223 1 
1 933 1 
1 523 1 
1 1072 3 
1 272 1 
1 136 1 
1 570 1 
1 1266 1 
1 99 1 
1 845 6 
1 659 1 
1 342 1 
1 929 1 
1 603 1 
1 1346 1 
1 1013 1 
1 999 6 
1 917 1 
1 571 1 
1 1106 1 
1 1573 1 
1 1128 1 
1 1286 1 
1 211 1 
1 1407 1 
1 1291 1 
1 1228 2 
1 880 1 
1 860 1 
1 578 1 
1 674 1 
1 662 1 
1 715 1 
1 1511 1 
1 777 1 
1 684 1 
1 1250 1 
1 524 1 
1 1367 1 
1 448 1 
1 1594 1 
1 593 1 
1 1263 1 
1 1431 1 
1 1318 1 
1 820 1 
1 414 1 
1 26 1 
1 1515 1 
1 863 1 
1 515 1 
1 186 1 
1 664 1 
1 110 1 
1 584 1 
1 855 1 
1 1293 1 
1 1295 1 
1 1588 1 
1 487 1 
1 832 1 
1 934 1 
1 1196 1 
1 1333 1 
1 1555 1 
1 408 1 
1 300 1 
1 1175 2 
1 944 1 
1 17 1 
1 1388 1 
1 164 2 
1 55 1 
1 1144 4 
1 1026 1 
1 887 2 
1 1166 1 
1 612 1 
1 572 1 
1 105 1 
1 670 1 
1 895 1 
1 1253 2 
1 1537 2 
1 735 1 
1 702 1 
1 1417 1 
1 702 2 
1 1135 1 
1 694 1 
1 1218 1 
1 191 1 
1 915 1 
1 1509 1 
1 996 1 
1 1352 1 
1 1492 1 
1 1093 1 
1 196 1 
1 1301 1 
1 252 1 
1 56 1 
1 1340 1 
1 1007 1 
1 642 1 
1 1387 1 
1 501 1 
1 138 1 
1 1036 1 
1 1386 1 
1 1425 1 
1 293 1 
1 459 1 
1 165 1 
1 873 3 
1 419 1 
1 1507 1 
1 372 1 
1 712 1 
1 13 1 
1 569 1 
1 990 1 
1 1483 1 
1 891 1 
1 1227 1 
1 611 2 
1 192 1 
1 1464 1 
1 143 2 
1 54 1 
1 494 1 
1 1569 1 
1 427 1 
1 1403 1 
1 1619 1 
1 1254 1 
1 500 1 
1 1393 1 
1 1192 1 
1 906 1 
1 399 1 
1 938 1 
1 827 1 
1 645 1 
1 1496 1 
1 149 1 
1 1245 5 
1 22 1 
1 788 1 
1 1054 1 
1 1298 1 
1 1273 1 
1 1364 1 
1 155 1 
1 1189 6 
1 485 1 
1 156 1 
1 864 1 
1 1418 1 
1 1446 1 
1 799 1 
1 1260 1 
1 201 1 
1 1310 1 
1 1321 1 
1 1160 1 
1 371 1 
1 1235 3 
1 886 1 
1 18 1 
1 6 1 
1 189 1 
1 479 1 
1 1401 1 
1 281 1 
1 1338 1 
1 1347 1 
1 391 1 
1 59 1 
1 295 3 
1 962 1 
1 203 2 
1 246 1 
1 691 1 
1 68 1 
1 239 1 
1 831 1 
1 899 1 
1 1119 1 
1 1042 1 
1 507 1 
1 794 1 
1 488 1 
1 437 1 
1 474 1 
1 1300 1 
1 1605 6 
1 1003 1 
1 1526 1 
1 711 1 
1 101 1 
1 8 1 
1 161 1 
1 716 1 
1 464 1 
1 505 1 
1 1127 1 
1 1032 1 
1 1336 1 
1 1337 1 
1 122 1 
1 1486 1 
1 814 1 
1 1519 2 
1 76 1 
1 1484 1 
1 1528 1 
1 564 1 
1 285 1 
1 1035 5 
1 1131 1 
1 803 1 
1 1408 1 
1 1188 1 
1 92 1 
1 381 1 
1 1544 1 
1 461 1 
1 1316 2 
1 367 1 
1 349 1 
1 801 1 
1 535 1 
1 465 1 
1 1598 1 
1 1064 1 
1 1038 1 
1 291 1 
1 1221 1 
1 366 1 
1 646 1 
1 940 2 
1 436 1 
1 1475 1 
1 129 1 
1 563 1 
1 1547 1 
1 1423 1 
1 65 1 
1 1379 1 
1 1330 1 
1 233 1 
1 1560 1 
1 484 2 
1 524 1 
1 449 3 
1 791 1 
1 721 1 
1 119 1 
1 87 1 
1 883 1 
1 876 1 
1 705 1 
1 1539 1 
1 405 1 
1 457 1 
1 1466 1 
1 835 1 
1 481 1 
1 997 1 
1 276 1 
1 95 1 
1 533 1 
1 1456 2 
1 1402 1 
1 527 1 
1 590 1 
1 1419 1 
1 125 1 
1 1156 1 
1 1392 1 
1 1044 1 
1 565 1 
1 212 1 
1 608 1 
1 926 1 
1 140 1 
1 1306 1 
1 458 1 
1 956 1 
1 1541 1 
1 799 1 
1 1121 2 
1 846 3 
1 1134 3 
1 1441 1 
1 669 1 
1 415 1 
1 682 1 
1 1595 1 
1 995 1 
1 729 1 
1 821 1 
1 520 2 
1 352 1 
1 1110 1 
1 1361 1 
1 976 1 
1 407 1 
1 137 1 
1 661 1 
1 1448 1 
1 1047 2 
1 861 1 
1 725 2 
1 1257 1 
1 1112 1 
1 1219 1 
1 610 1 
1 31 1 
1 647 2 
1 1521 1 
1 426 1 
1 1209 1 
1 185 1 
1 98 1 
1 1465 1 
1 1021 1 
1 1504 1 
1 270 1 
1 649 1 
1 56 1 
1 1056 1 
1 902 1 
1 77 1 
1 473 1 
1 328 1 
1 651 1 
1 838 1 
1 401 1 
1 1274 1 
1 206 1 
1 1068 1 
1 149 1 
1 1268 1 
1 1258 1 
1 843 1 
1 964 4 
1 916 1 
1 1270 1 
1 41 1 
1 1304 1 
1 1102 1 
1 68 1 
1 1566 2 
1 1602 1 
1 1437 1 
1 418 1 
1 179 2 
1 163 1 
1 1243 1 
1 559 1 
1 413 1 
1 183 1 
1 537 1 
1 1165 1 
1 1222 1 
1 1461 1 
1 575 1 
1 1225 1 
1 790 1 
1 767 1 
1 577 1 
1 874 1 
1 475 1 
1 870 1 
1 1033 1 
1 1513 1 
1 1480 1 
1 243 1 
1 480 1 
1 596 1 
1 1502 1 
1 270 1 
1 1 1 
1 1575 1 
1 93 1 
1 1169 1 
1 172 2 
1 244 1 
1 1329 1 
1 249 1 
1 1534 1 
1 1532 1 
1 762 8 
1 1495 1 
1 1055 1 
1 921 1 
1 1585 2 
1 723 1 
1 817 1 
1 663 1 
1 1038 1 
1 315 1 
1 1467 2 
1 547 2 
1 10 1 
1 1356 1 
1 654 1 
1 389 1 
1 889 3 
1 1077 1 
1 512 1 
1 1074 1 
1 1453 1 
1 508 1 
1 955 1 
1 1591 1 
1 927 1 
1 141 1 
1 1176 5 
1 1617 1 
1 530 1 
1 82 1 
1 483 3 
1 1257 1 
1 207 1 
1 1620 1 
1 634 1 
1 476 1 
1 758 1 
1 1617 1 
1 541 1 
1 1350 1 
1 1472 1 
1 1125 1 
1 1503 1 
1 160 1 
1 1269 1 
1 85 1 
1 686 1 
1 1173 2 
1 1039 3 
1 1550 1 
1 1261 1 
1 1481 1 
1 1149 1 
1 644 1 
1 709 1 
1 797 1 
1 1369 1 
1 1155 1 
1 115 1 
1 751 1 
1 1470 1 
1 1524 1 
1 322 1 
1 1419 2 
1 1152 1 
1 1343 1 
1 15 1 
1 1562 1 
1 115 1 
1 858 1 
1 115 1 
1 773 11 
1 519 1 
1 968 2 
1 1508 1 
1 258 1 
1 1381 1 
1 1379 1 
1 170 1 
1 1444 1 
1 919 1 
1 179 1 
1 228 3 
1 622 1 
1 1572 1 
1 1240 1 
1 1031 1 
1 1334 1 
1 1397 1 
1 1378 1 
1 1367 1 
1 637 1 
1 800 1 
1 528 1 
1 168 1 
1 985 1 
1 585 1 
1 693 1 
1 742 1 
1 1583 1 
1 1613 1 
1 771 1 
1 1545 1 
1 180 1 
1 0 1 
1 1307 1 
1 909 11 
1 81 1 
1 1558 1 
1 329 2 
1 200 1 
1 240 1 
1 108 1 
1 749 1 
1 1432 1 
1 305 1 
1 1328 1 
1 840 1 
1 972 6 
1 1207 1 
1 261 1 
1 1615 1 
1 1374 1 
1 869 1 
1 184 1 
1 1551 1 
1 1450 1 
1 85 1 
1 1074 1 
1 998 1 
1 1074 1 
1 1404 1 
1 21 1 
1 890 1 
1 194 1 
1 736 1 
1 115 1 
1 225 1 
1 1596 1 
1 722 1 
1 355 1 
1 384 1 
1 809 1 
1 750 1 
1 543 1 
1 1377 1 
1 162 1 
1 290 1 
1 581 2 
1 524 1 
1 1031 1 
1 1506 1 
1 1323 1 
1 1292 1 
1 692 1 
1 624 2 
1 946 1 
1 1049 1 
1 383 1 
1 1458 1 
1 690 1 
1 329 1 
1 362 1 
1 794 1 
1 346 1 
1 1517 1 
1 221 3 
1 1544 1 
1 406 1 
1 957 1 
1 600 1 
1 48 2 
1 1180 1 
1 812 1 
1 135 1 
1 1353 1 
1 1097 1 
1 1452 1 
1 1153 1 
1 1317 1 
1 403 1 
1 104 1 
1 747 1 
1 202 1 
1 1440 1 
1 148 1 
1 1322 1 
1 1104 1 
1 85 1 
1 361 1 
1 259 1 
1 529 1 
1 1576 1 
1 741 1 
1 1390 1 
1 656 1 
1 753 1 
1 120 1 
1 942 1 
1 737 1 
1 677 1 
1 169 1 
1 1535 3 
1 312 1 
1 442 1 
1 1584 3 
1 1000 2 
1 868 1 
1 353 1 
1 1307 1 
1 546 1 
1 40 1 
1 911 1 
1 274 1 
1 1561 2 
1 78 1 
1 707 1 
1 514 1 
1 591 1 
1 318 1 
1 227 1 
1 936 1 
1 117 1 
1 836 1 
1 1011 1 
1 1574 1 
1 1376 1 
1 635 1 
1 1359 1 
1 913 1 
1 1231 1 
1 131 1 
1 260 1 
1 14 2 
1 35 1 
1 109 2 
1 283 11 
1 359 1 
1 583 1 
1 402 1 
1 1089 5 
1 1409 1 
1 1083 1 
1 1206 1 
1 703 1 
1 784 1 
1 1544 1 
1 524 1 
1 498 1 
1 1282 2 
1 85 1 
1 219 3 
1 1543 1 
1 166 1 
1 1564 1 
1 1079 1 
1 1332 1 
1 489 1 
1 341 1 
1 431 2 
1 1515 1 
1 1058 1 
1 546 1 
1 428 1 
1 746 1 
1 563 1 
1 1578 3 
1 507 1 
1 69 1 
1 1214 1 
1 1430 1 
1 543 1 
1 1503 1 
1 824 1 
1 1428 1 
1 1010 1 
1 466 1 
1 254 1 
1 1510 1 
1 368 1 
1 1143 1 
1 1287 1 
1 920 1 
1 1455 1 
1 313 1 
1 335 1 
1 963 1 
1 1276 1 
1 1502 1 
1 299 1 
1 311 4 
1 1479 1 
1 245 1 
1 825 1 
1 61 1 
1 282 1 
1 1367 1 
1 1412 1 
1 1076 1 
1 1009 1 
1 58 1 
1 1616 1 
1 369 1 
1 113 1 
1 1491 1 
1 411 1 
1 779 1 
1 761 1 
1 573 2 
1 1105 1 
1 1046 1 
1 1202 2 
1 32 1 
1 924 1 
1 214 1 
1 626 1 
1 811 1 
1 1552 1 
1 1099 1 
1 554 1 
1 954 1 
1 1070 1 
1 1447 1 
1 833 1 
1 64 2 
1 1190 1 
1 1186 1 
1 130 1 
1 1406 1 
1 1125 1 
1 757 1 
1 1075 1 
1 348 1 
1 310 1 
1 1015 1 
1 965 3 
1 730 1 
1 1476 1 
1 1479 1 
1 828 1 
1 1453 1 
1 271 2 
1 576 1 
1 602 1 
1 1280 1 
1 71 1 
1 1348 1 
1 503 1 
1 1124 1 
1 450 1 
1 175 1 
1 1014 1 
1 1158 1 
1 336 1 
1 541 1 
1 847 1 
1 1453 1 
1 974 1 
1 1048 1 
1 1248 1 
1 1168 1 
1 111 1 
1 378 1 
1 679 1 
1 1319 1 
1 138 1 
1 643 2 
1 783 1 
1 405 1 
1 1052 1 
1 536 1 
63 0 5 5 2 32 2 46 2 50 9 59 2 75 12 77 10 95 1 127 7 148 1 180 1 185 2 206 3 232 8 242 5 377 6 408 10 558 1 578 1 592 1 603 4 687 4 689 2 739 5 744 1 764 5 821 9 827 5 828 1 853 2 861 1 871 8 907 4 963 1 983 1 1016 23 1056 3 1084 1 1142 2 1167 7 1172 4 1190 2 1193 2 1194 1 1233 6 1266 1 1282 21 1301 2 1311 20 1312 3 1319 7 1353 2 1355 24 1416 2 1418 4 1435 8 1445 2 1458 2 1502 4 1510 2 1548 19 1572 5 
62 24 6 51 19 93 3 101 4 111 1 119 3 169 1 173 1 184 3 190 3 220 8 232 4 262 2 285 4 344 2 385 3 394 6 396 2 408 1 441 10 461 2 462 2 496 28 534 3 546 24 661 4 697 20 721 1 737 3 740 6 745 1 788 5 846 9 934 4 993 8 1021 4 1031 7 1032 2 1042 2 1048 3 1069 3 1118 5 1119 2 1134 10 1148 3 1158 1 1182 9 1189 3 1190 1 1191 2 1242 2 1247 2 1249 2 1261 6 1331 7 1336 4 1349 5 1396 11 1404 2 1453 4 1472 1 1587 66 
41 13 2 29 12 43 2 48 4 50 8 126 1 255 5 280 1 351 20 459 1 469 1 532 1 563 1 592 1 597 3 625 4 674 1 703 12 743 11 772 13 787 1 881 20 914 1 949 20 956 2 963 1 1024 12 1160 17 1180 2 1208 2 1217 9 1237 35 1242 4 1267 1 1343 1 1441 11 1444 5 1447 2 1494 11 1502 4 1572 2 
55 16 66 20 1 69 2 90 5 108 6 155 1 159 6 177 2 184 2 339 1 354 1 371 14 408 4 414 13 450 1 457 3 469 1 481 5 484 54 507 1 551 4 588 3 601 1 645 5 656 1 697 11 729 24 737 2 819 2 832 12 861 4 910 13 963 3 1017 6 1031 2 1037 10 1059 168 1102 4 1119 4 1190 2 1214 6 1237 4 1242 1 1344 3 1349 3 1352 1 1359 1 1370 1 1378 27 1384 7 1396 3 1398 1 1430 5 1457 2 1608 5 
32 4 39 59 8 145 3 164 38 197 2 206 1 227 2 412 5 473 4 527 3 607 10 674 5 861 2 890 20 912 1 1028 14 1037 5 1067 5 1200 2 1208 2 1223 1 1249 1 1285 18 1286 5 1296 8 1336 1 1355 11 1376 2 1477 1 1552 8 1585 16 1615 4 
28 15 66 188 2 199 2 279 8 281 40 320 62 381 1 382 25 418 14 458 5 498 4 524 30 571 1 588 5 702 17 706 1 709 1 716 4 818 42 989 10 1030 14 1052 12 1068 24 1156 20 1221 3 1374 42 1517 35 1610 2 
59 19 1 32 4 43 1 53 2 60 10 61 1 109 2 131 1 137 4 145 1 175 1 177 1 206 3 262 1 268 1 312 9 314 1 324 2 333 2 341 1 462 2 469 4 490 1 531 1 552 2 658 1 661 1 701 3 737 2 772 15 779 2 798 1 816 12 827 12 832 8 842 4 884 4 914 1 1045 2 1059 7 1134 1 1135 6 1151 1 1189 4 1208 2 1252 5 1278 9 1290 1 1317 3 1332 1 1352 6 1393 3 1426 5 1465 1 1466 1 1479 2 1523 36 1540 1 1545 2 
49 4 14 11 1 140 2 146 6 174 4 206 2 229 1 242 6 256 2 278 1 310 4 392 1 554 1 617 9 625 2 656 2 665 1 674 2 689 4 698 2 827 1 830 1 1011 1 1026 1 1038 2 1049 1 1077 1 1134 8 1158 1 1179 20 1190 1 1193 1 1208 2 1231 1 1242 7 1264 1 1324 2 1336 4 1368 2 1384 5 1439 2 1446 11 1466 4 1471 1 1483 2 1488 6 1491 11 1500 1 1563 1 
28 6 73 13 7 48 6 89 12 103 5 277 1 469 2 493 1 552 2 575 2 719 30 849 1 865 2 904 19 1036 1 1037 1 1134 6 1135 1 1223 1 1242 1 1354 1 1402 1 1427 16 1479 2 1503 4 1545 2 1567 5 1580 1 
66 12 1 36 2 41 1 47 3 79 7 99 20 132 4 142 42 165 10 224 8 258 43 299 7 302 4 305 1 316 7 330 20 335 18 366 2 395 9 422 44 426 13 520 1 542 67 609 1 626 4 633 6 655 1 667 30 688 18 696 29 786 3 792 30 800 4 804 2 864 2 922 1 926 1 936 1 939 7 943 10 953 2 1054 1 1058 9 1063 10 1115 6 1122 10 1124 20 1131 1 1170 20 1236 36 1248 11 1254 10 1258 13 1271 1 1277 24 1300 1 1318 1 1330 22 1367 1 1375 5 1405 10 1415 65 1433 2 1486 6 1525 27 1589 24 
18 85 20 130 1 198 8 219 4 223 2 295 17 541 2 735 2 756 1 852 14 887 6 889 7 906 1 972 12 1041 1 1161 1 1210 2 1350 2 
5 27 5 260 1 758 1 1208 1 1479 1 
3 622 1 1202 1 1479 1 
52 5 2 17 1 50 3 75 19 76 15 98 3 145 6 232 12 237 2 247 3 399 1 407 3 420 2 469 2 477 19 530 57 558 3 581 1 596 1 599 1 602 1 625 4 630 1 743 7 779 8 849 1 959 4 981 3 1005 6 1021 4 1053 10 1057 11 1093 60 1128 1 1150 2 1158 1 1171 1 1189 1 1220 1 1242 4 1328 10 1344 4 1371 1 1397 2 1401 3 1402 1 1503 3 1542 1 1585 7 1595 38 1606 41 1613 6 
68 29 1 60 10 88 1 93 1 97 1 112 2 162 1 167 2 234 1 251 15 270 1 277 1 298 1 333 1 353 2 361 2 379 1 388 1 416 1 481 4 521 47 527 1 546 19 554 1 578 1 643 4 652 1 656 1 675 1 685 1 703 1 737 1 758 1 788 1 832 1 838 1 847 1 884 2 914 1 946 1 963 1 980 1 1008 1 1031 8 1037 1 1056 1 1085 1 1108 2 1119 1 1158 2 1222 1 1249 1 1285 1 1293 1 1311 1 1317 1 1352 1 1359 1 1370 1 1378 1 1393 4 1402 40 1477 3 1503 1 1535 5 1563 3 1618 1 1620 1 
64 16 37 17 99 18 1 137 1 173 1 179 3 183 7 201 2 229 3 232 5 298 1 326 6 333 2 399 3 403 2 408 4 469 3 481 7 533 2 544 1 587 1 612 3 653 1 661 2 697 12 703 11 737 3 740 6 749 2 797 5 832 10 846 6 853 12 929 2 950 40 958 4 980 1 993 8 996 5 1026 3 1031 7 1056 4 1069 5 1091 3 1119 4 1128 5 1134 2 1135 1 1143 10 1158 2 1182 6 1190 1 1228 1 1242 4 1272 1 1280 4 1315 1 1333 1 1344 2 1396 6 1402 8 1538 3 1540 1 1608 3 
49 48 1 50 2 108 4 133 2 150 3 185 3 194 1 203 4 206 1 212 2 294 4 377 2 408 10 439 14 564 1 566 10 779 7 824 5 827 2 890 27 905 7 907 26 919 13 934 6 959 4 1000 1 1003 1 1014 11 1024 21 1048 1 1112 3 1163 4 1166 8 1194 1 1200 9 1209 3 1233 1 1242 1 1287 4 1308 3 1352 3 1355 12 1403 1 1445 1 1463 2 1468 1 1529 24 1548 12 1563 1 
46 21 2 104 2 106 1 182 4 189 1 206 2 211 1 359 12 360 7 376 1 378 4 412 1 463 6 469 1 507 2 547 1 573 9 625 1 663 2 674 3 779 5 833 4 849 16 857 6 867 1 935 2 1055 4 1112 2 1150 2 1151 7 1208 1 1237 30 1270 5 1292 3 1311 1 1355 11 1397 4 1402 16 1454 1 1455 8 1460 1 1483 1 1502 4 1561 28 1570 1 1606 34 
43 48 1 128 8 280 1 286 1 322 1 353 7 396 1 414 12 427 3 438 47 441 1 460 1 503 3 510 4 537 1 569 1 669 21 685 1 714 1 832 4 841 1 899 10 950 66 1028 1 1032 1 1037 2 1051 101 1118 1 1134 3 1148 3 1182 6 1208 1 1242 1 1252 7 1331 1 1352 4 1378 1 1410 1 1424 1 1470 33 1528 1 1600 3 1619 1 
43 50 5 100 7 179 6 212 2 252 4 297 1 298 4 301 6 341 3 354 6 455 3 472 2 574 3 674 2 689 3 718 1 810 1 832 20 853 11 872 1 984 5 996 9 1036 10 1060 5 1076 28 1148 4 1149 29 1200 9 1208 2 1249 3 1267 5 1286 2 1334 2 1336 3 1347 6 1352 2 1354 5 1368 2 1515 5 1519 5 1537 10 1580 10 1585 7 
52 95 2 112 2 137 7 171 11 229 11 232 12 237 3 260 1 286 1 333 2 405 3 416 1 469 1 490 1 525 19 569 1 674 6 737 8 772 20 816 9 841 34 865 1 910 18 923 4 956 1 1021 1 1026 1 1119 1 1134 2 1148 2 1208 2 1237 20 1242 4 1247 2 1288 3 1317 7 1339 11 1352 5 1372 6 1392 4 1394 12 1416 1 1425 12 1457 1 1466 2 1479 3 1488 8 1533 2 1538 1 1559 1 1568 1 1618 1 
30 311 12 418 1 436 20 458 46 500 1 504 6 608 3 631 6 709 15 711 13 774 104 790 2 813 15 966 3 976 20 1006 7 1052 3 1068 11 1156 22 1196 19 1201 35 1221 7 1305 23 1306 20 1337 3 1374 1 1462 1 1517 2 1526 50 1579 1 
4 517 12 660 21 1147 7 1185 1 
2 611 1 982 3 
83 0 9 4 13 17 1 18 1 34 2 60 14 111 3 119 1 125 1 135 11 179 3 180 1 201 1 228 3 229 8 242 1 253 1 262 1 309 1 353 1 376 7 403 2 408 5 414 12 421 1 441 5 445 3 448 1 462 4 490 6 546 1 569 1 591 1 623 2 643 10 648 1 661 1 697 19 703 6 775 1 777 1 789 1 808 1 817 2 822 28 832 1 882 3 890 1 900 2 942 5 978 1 1035 6 1059 1 1062 1 1083 1 1085 1 1088 10 1091 21 1118 18 1119 4 1158 3 1169 1 1186 2 1211 1 1212 1 1218 3 1238 1 1289 16 1314 6 1317 2 1327 4 1336 1 1347 1 1349 8 1352 1 1381 113 1384 2 1402 1 1512 1 1532 13 1540 2 1577 1 1618 1 
61 29 10 75 21 76 11 145 10 150 9 180 8 206 2 228 5 232 3 276 4 300 1 317 9 327 7 379 1 424 3 441 5 459 10 471 4 519 11 530 30 547 2 552 2 564 2 592 10 628 12 669 6 672 3 673 4 779 2 805 1 827 10 828 10 853 27 907 6 915 2 951 6 963 8 1023 6 1049 2 1064 1 1093 2 1139 12 1150 1 1172 16 1208 2 1223 4 1244 2 1249 2 1266 2 1284 2 1311 20 1334 1 1346 4 1352 1 1355 1 1368 2 1371 1 1444 5 1458 1 1494 12 1598 46 
43 17 78 94 6 145 2 206 3 227 4 237 3 242 1 252 1 341 14 444 1 519 15 530 19 592 17 713 4 860 3 879 22 880 10 949 8 960 5 963 6 1021 1 1028 13 1050 2 1117 1 1150 1 1158 1 1169 1 1171 4 1181 5 1200 1 1205 1 1266 1 1270 4 1284 10 1353 7 1381 9 1443 19 1487 4 1533 1 1566 5 1570 1 1585 1 1620 1 
61 108 7 137 7 180 1 201 2 240 1 322 1 333 1 360 1 405 5 460 3 461 2 510 2 515 2 518 9 531 1 595 3 601 7 638 3 661 8 692 12 697 9 728 6 737 2 744 1 754 26 789 2 799 4 832 6 841 83 853 3 884 3 923 2 944 10 978 4 984 93 1031 2 1056 3 1062 6 1080 6 1091 13 1094 3 1174 7 1228 1 1242 3 1247 3 1278 12 1288 2 1312 2 1327 3 1346 1 1349 2 1378 7 1384 1 1412 1 1482 5 1530 1 1536 1 1540 1 1558 1 1587 41 1608 5 
41 24 1 43 1 113 2 160 1 184 1 286 2 396 1 446 1 481 2 622 1 645 3 653 1 659 4 724 7 737 1 752 5 766 10 832 6 861 12 874 1 993 1 1021 1 1031 8 1035 1 1038 6 1046 5 1109 1 1119 4 1158 1 1193 6 1199 4 1252 6 1278 16 1317 7 1338 8 1351 6 1378 24 1434 4 1461 1 1540 1 1557 1 
46 29 1 50 1 106 2 141 1 143 4 145 9 151 6 179 1 197 1 214 5 237 1 362 1 413 4 429 30 441 1 446 1 577 9 662 1 674 3 681 7 713 5 732 1 828 5 843 1 871 6 880 9 919 9 1031 7 1100 1 1128 3 1142 6 1150 2 1179 1 1181 5 1193 2 1223 1 1311 8 1352 1 1355 1 1424 1 1468 3 1503 1 1570 1 1585 10 1591 1 1615 1 
53 4 18 17 1 23 1 32 2 56 1 95 2 97 1 107 1 108 6 184 1 196 4 220 1 242 1 264 2 266 39 277 1 333 3 344 5 396 1 490 1 506 4 569 2 578 1 625 1 653 1 661 2 674 2 737 4 795 1 836 12 877 2 884 1 980 1 1038 4 1039 3 1059 4 1134 5 1150 5 1208 1 1285 1 1339 1 1370 2 1416 1 1459 1 1466 2 1491 1 1500 1 1503 4 1510 1 1515 52 1548 1 1612 1 1616 1 
44 16 1 25 1 105 1 138 1 173 1 204 9 206 1 237 1 298 2 329 18 362 1 386 4 388 5 414 12 452 1 481 18 568 4 574 6 586 2 651 2 657 1 674 5 698 2 924 1 938 4 984 78 1000 1 1020 1 1031 1 1049 1 1110 13 1119 3 1135 8 1151 7 1228 2 1273 2 1276 3 1286 4 1456 4 1479 2 1480 7 1528 33 1535 3 1580 7 
20 149 2 178 52 213 10 219 2 223 1 230 1 304 1 440 6 561 1 606 7 611 1 684 11 735 2 773 12 870 1 887 2 888 1 972 12 1141 8 1581 60 
1 1618 1 
5 74 6 396 3 1479 1 1576 1 1618 1 
5 635 1 1177 2 1370 1 1575 1 1618 1 
66 0 7 4 2 21 1 29 9 30 1 31 3 43 1 50 2 75 1 106 4 108 2 116 4 145 4 206 2 242 1 327 5 336 2 340 2 356 9 408 5 459 3 466 8 478 1 547 2 564 2 603 10 627 1 673 4 675 6 744 4 779 1 832 10 837 3 932 1 963 7 975 65 1001 2 1082 1 1100 1 1128 5 1150 2 1200 9 1208 2 1223 23 1238 1 1247 7 1255 2 1336 2 1352 1 1368 2 1371 1 1403 9 1432 1 1447 2 1470 14 1474 2 1494 24 1509 6 1510 2 1542 30 1548 20 1567 1 1571 1 1580 1 1585 11 1613 10 
69 17 114 18 1 33 9 51 3 97 2 119 4 124 1 184 3 191 1 195 2 201 4 221 15 229 5 234 37 253 2 329 6 358 1 361 5 376 27 408 1 446 3 461 3 462 1 466 1 546 18 589 6 601 9 658 2 661 4 674 1 699 8 740 6 779 3 824 3 832 5 882 1 914 1 929 2 997 1 1014 5 1021 3 1031 8 1082 1 1091 7 1119 2 1129 2 1164 5 1190 1 1218 1 1219 3 1222 4 1228 3 1247 10 1288 4 1303 70 1329 2 1336 4 1339 7 1370 1 1396 18 1402 10 1446 16 1457 5 1503 4 1515 1 1578 16 1585 2 1608 5 1618 1 
51 6 11 48 6 50 9 72 12 106 2 110 3 112 2 179 4 206 1 237 2 301 4 347 5 396 1 407 2 433 8 459 3 563 1 581 18 663 3 700 2 743 1 744 7 827 3 934 4 956 2 996 2 1008 5 1023 2 1027 9 1028 68 1062 6 1112 1 1118 6 1129 1 1162 6 1242 1 1255 1 1261 1 1311 19 1383 2 1402 14 1403 1 1444 4 1455 14 1458 1 1480 2 1494 12 1502 4 1503 3 1583 3 1585 10 
50 9 1 20 2 92 3 108 6 184 1 262 3 469 1 481 5 555 5 625 1 652 1 653 1 656 1 661 2 755 6 827 6 832 1 838 6 859 6 909 5 988 10 1001 2 1031 4 1037 5 1079 1 1093 67 1095 15 1119 4 1162 31 1190 1 1219 3 1228 1 1234 1 1237 34 1239 1 1264 1 1283 5 1320 4 1327 1 1344 2 1352 2 1378 11 1398 3 1446 3 1488 2 1496 1 1497 4 1515 2 1603 4 1608 5 
34 11 2 53 2 206 3 255 1 260 1 286 1 327 7 393 10 405 3 446 1 521 21 572 2 575 1 587 2 600 4 602 1 827 6 840 111 861 12 903 3 923 4 950 1 1012 2 1031 1 1035 5 1038 1 1059 20 1169 2 1190 1 1352 3 1392 2 1436 3 1479 2 1608 1 
37 22 63 37 20 82 120 123 12 163 4 199 1 250 50 279 12 320 24 401 37 402 1 418 10 431 20 470 42 488 8 502 5 524 22 641 3 670 5 709 30 716 5 729 2 774 12 780 7 829 2 845 1 955 3 1052 7 1156 10 1168 2 1305 36 1407 8 1431 11 1505 8 1508 3 1526 46 1602 27 
32 43 3 129 1 168 1 228 2 341 7 383 6 396 1 450 1 547 1 564 3 674 2 732 1 759 22 771 1 779 7 937 5 961 8 984 1 1047 3 1193 1 1203 2 1286 5 1324 5 1355 11 1356 28 1368 2 1388 15 1403 7 1409 16 1456 1 1523 53 1580 8 
54 1 1 28 5 41 16 47 4 73 8 99 20 165 20 202 6 205 1 210 4 258 17 292 7 308 2 343 5 410 9 443 1 550 20 609 38 633 18 634 8 667 19 696 21 782 11 792 29 800 54 896 40 922 43 926 39 936 2 943 12 953 1 971 5 1054 7 1058 30 1063 9 1106 5 1116 46 1124 30 1126 1 1131 9 1165 2 1170 4 1232 23 1248 24 1254 10 1257 54 1277 39 1326 1 1367 26 1405 5 1460 2 1476 6 1543 8 1589 1 
28 6 46 13 9 48 5 89 8 106 1 131 3 157 5 184 1 351 8 404 8 552 1 592 29 625 2 720 8 783 1 973 1 1014 1 1134 2 1208 3 1286 1 1357 1 1373 3 1473 1 1479 1 1503 3 1512 4 1550 1 1585 1 
45 18 1 21 1 32 8 48 1 95 3 162 1 184 5 196 1 242 10 310 1 327 1 333 15 518 1 564 1 622 1 653 1 726 1 884 3 1038 4 1049 1 1059 10 1134 2 1180 1 1190 1 1208 1 1218 9 1247 10 1264 3 1269 10 1270 1 1323 1 1352 9 1368 1 1439 4 1466 2 1480 4 1488 2 1493 4 1502 2 1510 6 1516 1 1535 8 1563 1 1576 1 1577 14 
27 149 1 176 2 198 12 219 4 223 2 230 9 295 1 321 16 368 1 389 3 541 11 644 36 735 1 769 20 852 3 887 12 895 10 906 3 952 5 962 3 972 12 1033 2 1096 3 1141 23 1161 16 1379 1 1521 1 
2 147 2 212 1 
2 622 3 1479 1 
57 48 1 75 20 76 12 98 2 138 1 143 50 145 9 180 1 206 1 222 1 227 1 232 12 270 16 274 1 336 1 364 10 427 19 429 29 444 2 462 4 469 1 490 1 560 1 596 13 598 1 604 1 675 2 695 30 739 1 779 2 827 6 832 1 833 1 907 5 924 12 959 4 1005 6 1021 2 1061 5 1128 1 1158 1 1171 1 1230 14 1297 1 1355 23 1366 14 1368 3 1377 1 1445 4 1446 1 1475 2 1479 3 1488 1 1535 4 1542 30 1585 20 1607 10 
13 75 122 115 112 260 67 428 63 772 2 797 168 1059 280 1370 56 1393 79 1400 9 1408 20 1507 1 1612 19 
45 29 11 31 1 49 5 59 2 97 2 98 3 106 3 152 2 190 4 211 1 232 12 300 1 352 2 564 2 565 19 637 1 657 1 674 2 746 2 779 4 827 3 843 1 862 3 913 1 1004 1 1008 5 1011 4 1021 6 1031 10 1093 38 1111 6 1144 1 1146 8 1172 17 1183 51 1208 2 1242 4 1255 5 1295 32 1403 9 1436 4 1494 12 1548 33 1580 13 1588 16 
59 43 1 48 6 93 1 108 2 109 1 137 12 162 2 179 3 180 1 184 1 234 118 358 1 371 48 379 1 394 6 417 2 427 29 453 3 461 3 490 6 503 1 533 1 546 20 616 8 661 10 693 3 697 18 703 8 737 2 752 1 777 1 783 1 794 2 828 1 832 4 846 1 853 6 871 6 916 2 942 8 996 2 1017 2 1021 2 1066 1 1092 4 1134 2 1158 1 1222 2 1246 2 1247 12 1333 1 1352 4 1453 12 1457 2 1500 2 1530 1 1532 2 1547 4 1571 1 
15 4 1 29 1 206 3 636 4 677 3 993 1 1009 1 1031 4 1119 1 1310 1 1327 1 1352 1 1378 30 1473 2 1536 4 
30 29 10 30 9 43 6 173 2 206 1 237 1 399 4 414 12 505 2 511 3 544 1 592 19 625 1 654 2 674 5 771 3 1020 7 1047 2 1066 1 1112 1 1174 5 1192 7 1237 25 1262 3 1333 1 1395 8 1397 1 1447 2 1502 4 1507 6 
60 0 2 4 7 18 2 32 2 53 1 60 1 88 1 95 1 137 7 158 2 160 1 220 28 232 3 260 2 265 5 285 1 303 1 329 6 333 3 361 2 375 1 405 1 411 2 434 10 494 8 501 1 515 2 569 4 625 2 737 1 772 21 830 4 881 4 909 2 923 3 931 10 944 4 950 81 993 24 1021 2 1032 5 1038 6 1097 2 1103 1 1119 5 1127 6 1173 3 1208 1 1242 1 1299 1 1331 4 1349 2 1393 4 1398 2 1436 2 1457 3 1466 3 1477 1 1532 6 1559 2 
40 48 1 50 8 112 5 145 3 262 6 284 8 288 13 298 6 301 2 361 1 378 30 466 3 469 1 499 1 534 1 574 20 674 1 717 2 810 1 811 4 832 10 963 13 984 74 996 1 1020 1 1022 1 1055 6 1098 1 1181 2 1227 2 1249 3 1286 4 1311 18 1338 25 1354 4 1456 1 1479 2 1503 2 1580 7 1588 12 
30 114 4 272 2 291 5 320 30 338 622 345 1 350 36 418 5 436 47 451 10 488 5 502 1 704 12 706 2 709 17 733 9 776 3 801 9 829 1 976 3 1006 15 1052 12 1089 6 1306 1 1313 6 1374 208 1437 18 1438 2 1517 21 1579 10 
4 215 1 517 12 660 50 1185 12 
28 23 1 63 2 98 12 154 1 307 4 462 1 485 1 552 2 758 1 797 4 832 318 850 62 946 1 994 2 1001 75 1031 10 1036 15 1056 5 1094 1 1134 2 1208 2 1286 1 1294 10 1352 1 1369 3 1417 3 1585 1 1603 14 
10 70 2 149 47 161 1 283 12 611 1 664 1 735 3 834 8 928 2 982 12 
2 32 1 74 2 
3 18 1 260 1 1563 1 
2 396 1 635 1 
61 18 1 42 1 60 12 108 1 119 4 155 2 162 3 195 1 200 1 229 9 241 3 251 9 290 10 399 3 445 10 461 5 481 3 499 2 533 1 578 1 589 3 628 6 693 2 729 6 737 1 745 2 789 1 794 3 832 1 846 9 853 23 883 1 900 4 919 22 920 52 931 23 946 4 984 99 991 1 1021 1 1066 2 1085 4 1094 13 1169 1 1174 3 1242 5 1249 1 1289 6 1302 3 1327 3 1393 5 1396 10 1402 1 1412 2 1419 8 1446 1 1449 6 1457 4 1504 1 1506 6 1575 1 
50 57 1 75 6 95 11 97 1 145 2 152 1 179 1 228 8 232 12 255 1 277 5 307 8 327 7 342 15 355 6 530 18 547 3 552 3 564 3 654 10 827 10 907 4 908 3 956 1 964 16 1005 9 1026 1 1031 1 1049 1 1056 3 1073 2 1102 1 1142 10 1150 2 1172 16 1242 4 1244 2 1249 1 1319 2 1333 4 1334 1 1355 12 1371 1 1474 2 1479 1 1498 1 1509 24 1529 10 1542 8 1548 20 
54 13 3 48 3 98 2 122 2 167 5 180 19 190 4 301 5 376 10 379 1 407 3 423 9 466 4 469 1 516 1 526 1 564 3 628 18 639 1 687 11 689 4 727 36 825 45 828 4 843 1 871 5 878 1 908 4 911 4 925 2 948 9 961 15 963 13 1003 15 1024 19 1072 7 1084 1 1098 11 1142 5 1208 2 1209 1 1229 1 1242 5 1266 1 1295 3 1355 5 1377 24 1381 9 1406 2 1520 20 1550 12 1567 5 1600 9 1620 19 
54 39 2 43 3 119 2 137 6 168 8 180 5 184 2 196 1 201 3 234 103 262 2 333 1 353 5 447 2 461 3 481 2 510 1 531 2 581 11 661 1 697 4 714 8 737 1 832 4 882 1 884 1 950 140 975 52 993 1 1013 4 1028 20 1031 9 1069 1 1077 5 1105 4 1182 2 1187 1 1190 4 1218 3 1225 1 1263 5 1290 4 1303 20 1310 1 1327 6 1349 4 1384 8 1398 6 1439 1 1531 1 1578 4 1597 25 1599 2 1618 1 
50 24 2 33 1 38 8 43 1 61 1 184 1 186 1 206 3 262 3 280 1 326 7 333 4 375 1 408 12 490 2 503 1 575 3 607 12 620 11 625 1 638 1 652 2 680 17 699 6 740 2 749 1 832 11 849 5 866 19 983 23 1017 11 1031 4 1049 3 1092 9 1119 1 1158 2 1182 3 1214 7 1246 3 1252 1 1325 2 1332 1 1333 1 1339 11 1349 7 1378 20 1392 4 1457 1 1559 1 1571 2 
37 29 4 87 3 206 1 227 6 246 1 301 6 309 1 396 2 397 4 469 1 472 2 625 4 715 1 732 2 772 3 779 3 798 19 857 1 968 3 1014 1 1020 3 1037 5 1148 1 1149 4 1158 2 1200 9 1208 2 1237 1 1245 16 1311 19 1381 9 1402 6 1409 17 1416 1 1422 3 1456 4 1502 4 
59 11 1 17 28 121 2 162 1 175 6 232 2 244 4 333 3 344 1 346 2 373 27 405 2 450 10 453 10 462 1 469 2 515 2 546 15 569 4 600 1 607 5 622 2 625 2 653 1 674 2 698 2 699 2 833 1 835 1 861 12 980 2 1031 10 1038 5 1077 4 1087 1 1130 6 1145 2 1193 16 1208 3 1246 5 1270 5 1274 21 1286 1 1294 15 1303 23 1317 4 1328 1 1331 3 1336 1 1381 4 1392 1 1423 1 1459 5 1466 6 1503 10 1510 2 1538 10 1596 1 1618 2 
27 11 4 48 6 50 5 131 1 351 7 463 2 466 3 578 1 610 5 625 6 674 5 689 6 736 11 779 6 886 2 909 40 984 57 996 5 1020 1 1055 5 1100 1 1208 2 1286 5 1352 2 1456 4 1567 3 1588 25 
20 54 3 243 15 367 20 449 60 458 21 470 46 646 42 709 1 774 30 818 96 917 4 976 143 1030 5 1089 12 1168 2 1196 2 1305 33 1348 6 1484 9 1526 48 
9 198 2 223 2 230 21 349 21 606 7 869 10 972 11 1018 59 1350 1 
4 27 1 74 5 441 10 1177 2 
69 18 3 51 6 69 4 88 9 93 7 137 7 179 2 184 2 195 2 196 4 201 2 233 1 261 3 270 8 318 7 353 4 371 14 383 3 393 3 405 8 408 6 535 28 546 2 558 51 572 2 580 2 589 3 625 4 643 4 661 4 697 8 728 3 832 9 838 1 846 9 884 3 900 16 931 25 941 3 942 1 993 14 1001 4 1021 3 1031 3 1032 2 1035 6 1062 2 1069 2 1085 3 1093 23 1127 5 1148 1 1167 2 1178 2 1182 2 1190 4 1212 1 1242 3 1272 3 1289 5 1327 4 1338 7 1365 4 1396 4 1442 1 1466 2 1535 1 1540 1 1597 5 
69 21 2 50 2 66 39 68 4 75 3 76 5 98 1 103 21 138 7 145 9 150 1 206 3 216 6 226 18 232 10 242 4 273 1 300 5 313 18 317 6 342 24 363 1 518 10 530 32 564 4 599 23 624 9 627 4 639 6 680 1 689 2 690 81 765 1 865 10 880 6 902 4 907 4 908 4 914 5 924 8 1015 1 1016 20 1021 3 1037 5 1053 29 1100 2 1189 2 1200 1 1244 1 1249 2 1311 15 1335 14 1352 2 1355 12 1368 1 1403 9 1414 4 1432 2 1455 16 1479 2 1488 3 1494 12 1503 4 1542 15 1546 2 1548 15 1555 1 1607 10 1613 8 
49 48 1 50 1 65 3 83 3 84 17 102 1 112 3 179 1 206 3 207 1 237 1 294 1 312 6 327 9 355 4 385 1 420 4 463 7 469 2 547 1 621 2 727 29 779 8 836 1 937 8 963 2 975 8 985 9 986 3 1008 4 1014 12 1031 14 1037 2 1055 1 1080 20 1095 10 1200 7 1208 2 1242 9 1344 2 1355 1 1365 3 1377 27 1381 8 1402 14 1502 2 1520 30 1551 18 1552 2 
51 51 6 108 6 111 2 175 17 184 2 206 3 231 3 233 2 262 1 264 7 414 267 462 1 469 2 480 9 552 1 572 3 589 2 614 4 625 2 653 1 661 3 678 3 683 7 737 1 740 2 744 4 820 2 832 1 883 5 885 2 1001 4 1031 2 1037 8 1051 16 1077 5 1088 11 1090 1 1113 1 1134 1 1219 3 1228 2 1320 4 1327 6 1352 3 1381 10 1396 23 1410 1 1412 1 1473 1 1477 1 1540 1 
53 4 26 43 1 55 9 95 1 105 9 137 6 155 2 162 1 171 1 177 1 184 1 206 2 260 1 286 1 303 7 322 1 375 8 376 6 446 5 460 1 462 4 560 2 582 4 656 3 692 30 827 5 876 7 950 137 967 3 1012 3 1025 10 1032 2 1034 21 1038 6 1042 1 1049 1 1062 8 1134 3 1193 14 1206 17 1238 1 1242 3 1252 1 1275 2 1290 5 1352 3 1378 4 1392 1 1411 365 1416 1 1540 1 1557 4 1577 5 
28 22 124 45 5 82 1 114 2 279 2 311 12 328 9 338 13 430 23 436 15 458 10 486 4 498 6 502 2 524 9 601 2 774 80 780 1 818 4 976 1 1052 6 1156 16 1306 20 1340 8 1489 1 1526 29 1541 24 1582 19 
40 43 2 96 2 138 12 145 5 148 2 190 3 206 2 228 16 301 6 303 24 341 8 351 1 468 5 552 4 590 1 673 3 736 5 772 12 961 7 1047 2 1075 11 1093 1 1200 8 1245 19 1270 6 1286 5 1336 1 1355 20 1368 2 1389 4 1403 8 1447 6 1455 19 1456 4 1491 1 1503 4 1551 12 1557 1 1570 1 1580 16 
54 4 26 56 2 95 3 98 1 121 1 158 1 184 2 242 1 260 1 271 3 278 1 310 2 387 7 396 1 457 1 490 3 506 4 518 1 534 1 544 2 569 5 617 9 622 1 674 1 758 1 832 1 919 1 980 1 996 2 1026 1 1031 11 1056 5 1104 5 1130 2 1145 1 1158 1 1190 8 1208 2 1223 1 1380 2 1392 2 1402 1 1404 1 1432 1 1450 4 1466 1 1479 1 1488 2 1490 12 1507 1 1550 1 1564 2 1577 30 1612 1 
34 13 4 43 2 48 3 97 1 108 1 131 2 179 7 206 1 218 3 240 1 277 2 327 7 351 20 459 3 469 1 552 1 653 1 698 1 732 2 824 2 957 1 963 13 996 6 1026 2 1134 6 1208 2 1341 1 1455 24 1479 3 1503 2 1515 7 1556 1 1563 2 1585 1 
63 26 8 28 5 41 3 44 20 67 5 73 16 120 22 165 2 170 9 224 5 302 1 305 4 315 7 316 44 370 18 422 16 464 9 467 50 520 1 528 14 548 1 553 19 633 13 676 1 696 30 705 1 707 5 768 4 778 1 781 5 792 17 800 50 891 12 896 1 898 35 922 22 926 60 939 2 943 10 954 11 971 30 1058 29 1063 15 1081 29 1099 1 1101 12 1115 3 1122 4 1124 60 1131 2 1184 3 1223 5 1243 26 1248 60 1260 3 1277 1 1318 1 1321 12 1361 34 1362 2 1367 34 1543 20 1549 17 
19 149 1 178 1 198 16 219 1 223 2 295 4 735 1 756 6 852 15 870 3 895 6 901 5 972 12 1018 30 1033 4 1161 5 1350 9 1521 3 1590 3 
2 622 4 635 1 
1 153 18 
2 622 2 1370 6 
24 21 3 66 49 75 16 76 15 98 2 108 4 197 1 203 4 206 1 232 7 557 5 714 24 779 2 827 6 951 10 1032 1 1057 2 1308 2 1355 7 1391 2 1455 1 1479 2 1503 4 1542 24 
75 32 3 43 1 53 1 93 3 111 1 137 7 162 2 168 6 179 2 196 6 201 1 206 4 221 4 229 5 234 11 241 2 322 1 353 2 357 1 408 5 447 2 450 7 481 2 482 3 565 4 585 3 616 1 661 2 697 14 714 12 737 1 744 10 772 4 796 1 797 1 832 10 841 114 846 9 851 3 910 1 925 3 975 24 984 1 993 12 996 3 1015 2 1017 3 1021 3 1028 39 1031 10 1069 2 1083 8 1084 1 1092 14 1157 1 1174 7 1189 1 1190 1 1218 2 1237 15 1242 5 1289 5 1299 3 1303 54 1336 2 1351 6 1378 21 1402 4 1426 4 1463 3 1528 6 1540 1 1608 5 1616 5 1618 1 
51 48 6 50 9 95 8 98 3 105 37 108 4 150 2 179 3 206 3 226 1 242 8 300 3 327 7 347 8 380 2 441 5 501 1 511 4 516 3 544 1 616 9 689 4 701 8 722 23 779 2 796 3 832 8 871 2 880 9 908 5 912 2 924 10 979 1 1010 24 1028 57 1142 10 1176 36 1261 14 1266 1 1267 2 1308 3 1319 6 1341 1 1355 12 1389 1 1432 2 1434 8 1477 3 1498 1 1503 4 1585 18 
15 7 44 76 11 284 10 441 1 590 3 598 1 846 4 968 2 1107 1 1129 7 1325 1 1397 9 1434 5 1551 13 1585 12 
55 32 2 39 1 108 4 225 14 264 10 277 1 290 10 329 6 481 2 490 7 546 12 625 4 672 10 697 1 728 3 770 1 832 6 865 5 884 1 980 1 1028 20 1031 7 1037 2 1056 4 1065 5 1087 1 1092 12 1107 1 1158 4 1171 2 1173 2 1189 7 1190 1 1207 1 1208 4 1228 2 1234 1 1242 2 1246 4 1247 4 1276 2 1278 13 1293 12 1317 7 1327 3 1333 2 1366 31 1369 11 1378 1 1396 11 1410 1 1471 1 1477 1 1571 6 1608 1 
58 0 6 17 1 32 8 38 4 137 7 184 2 229 2 260 1 293 1 327 2 333 4 408 4 434 9 441 7 474 8 490 5 546 10 549 5 555 2 564 6 625 4 649 2 661 9 737 2 832 1 840 1 861 10 882 1 914 1 925 1 950 33 987 20 998 2 1021 1 1034 9 1038 1 1049 3 1091 23 1119 4 1127 10 1134 4 1153 1 1159 13 1169 1 1174 3 1190 1 1208 1 1237 29 1242 3 1264 1 1352 3 1393 4 1434 8 1439 3 1459 2 1479 1 1498 5 1571 11 
33 80 1 114 3 163 19 208 7 243 25 272 1 279 6 311 6 338 8 345 1 381 3 400 45 418 6 470 42 524 12 709 11 747 6 760 36 767 5 818 90 845 1 856 5 955 1 1240 7 1265 39 1291 59 1307 1 1374 99 1431 6 1462 12 1508 9 1513 6 1541 1 
33 89 5 129 1 145 6 184 7 206 4 211 1 332 2 499 5 558 8 578 5 637 1 715 1 811 9 838 14 875 2 938 3 985 1 1002 2 1031 12 1037 4 1100 5 1150 2 1208 2 1245 25 1352 2 1354 1 1355 24 1381 2 1451 8 1503 4 1550 5 1567 4 1580 10 
5 215 6 517 9 660 20 1147 15 1185 24 
16 7 1 29 1 89 12 175 156 625 5 858 227 1036 14 1132 1 1223 1 1286 3 1363 2 1366 5 1404 3 1479 16 1567 12 1585 9 
32 11 2 35 1 88 1 242 5 248 6 264 8 300 1 392 1 425 1 490 16 584 5 622 1 674 2 698 1 797 1 963 6 984 1 1049 2 1059 10 1134 2 1154 1 1179 9 1190 2 1208 1 1242 4 1286 1 1294 6 1310 2 1352 2 1456 1 1466 4 1483 1 
25 130 1 198 12 219 1 223 4 295 4 465 1 495 2 538 12 541 3 642 15 735 2 756 1 889 3 972 36 1033 2 1041 2 1074 28 1161 16 1175 6 1210 2 1224 1 1350 191 1379 3 1420 4 1565 12 
2 679 2 1495 4 
4 823 6 1145 1 1495 5 1618 1 
1 271 1 
60 29 25 38 1 43 3 63 1 66 50 75 1 76 14 93 8 112 2 145 2 152 1 166 2 180 10 189 2 232 11 237 3 276 5 307 7 373 4 407 1 421 2 446 8 530 32 594 3 607 41 615 1 713 2 714 24 779 7 827 1 832 4 843 1 907 4 915 2 959 4 1032 1 1049 1 1067 2 1123 3 1150 2 1181 1 1296 2 1341 2 1352 1 1401 3 1403 9 1432 1 1443 2 1479 1 1481 1 1494 12 1503 4 1533 1 1542 4 1550 2 1567 8 1588 27 1607 10 1611 11 1613 10 
6 485 1 515 1 694 1 1007 1 1333 1 1501 8 
54 13 4 17 1 29 18 48 8 72 4 98 3 118 5 197 3 206 1 232 14 269 4 327 1 380 2 397 3 408 6 441 5 466 4 469 2 478 2 531 1 545 1 578 58 673 1 713 6 732 1 743 16 744 3 779 2 824 1 832 2 841 5 880 4 919 24 925 1 932 1 1064 1 1084 1 1121 5 1144 2 1193 14 1200 9 1213 7 1295 1 1308 1 1355 7 1471 1 1478 14 1494 12 1548 20 1552 1 1585 1 1588 15 1606 45 1619 15 
66 18 1 43 1 88 29 108 6 190 4 229 6 259 3 277 1 326 3 353 6 371 3 379 2 391 1 408 4 446 4 461 3 462 4 481 1 487 2 510 1 513 5 518 4 558 39 661 15 695 12 697 28 714 3 738 7 744 6 772 2 816 14 832 2 849 7 913 1 946 4 950 59 983 7 984 89 1001 4 1028 27 1031 2 1077 12 1088 10 1091 15 1119 4 1158 1 1169 2 1202 59 1214 10 1217 5 1228 2 1278 31 1294 5 1329 1 1352 3 1378 10 1391 63 1396 9 1404 1 1428 1 1457 2 1491 9 1519 5 1562 4 1587 23 1608 3 
55 17 51 95 2 97 1 206 3 290 4 297 1 306 1 337 8 353 6 408 1 429 11 490 6 523 1 533 2 544 1 546 3 586 4 605 1 625 1 819 2 830 4 832 1 861 20 876 1 914 6 916 2 925 1 993 2 1017 8 1028 10 1031 11 1092 5 1134 2 1135 5 1158 2 1171 3 1182 10 1208 2 1246 5 1349 4 1352 1 1372 1 1387 2 1392 2 1402 9 1404 112 1412 2 1465 5 1466 6 1522 2 1545 2 1546 1 1583 1 1585 12 1600 2 
46 17 1 97 2 145 1 151 2 242 3 301 6 318 2 378 36 547 1 574 21 601 1 674 5 700 1 713 3 779 6 815 4 830 1 832 2 843 1 844 2 855 3 862 3 875 4 902 10 985 1 1037 9 1100 4 1208 2 1245 1 1256 19 1266 1 1286 4 1311 3 1355 12 1364 1 1383 4 1402 4 1451 8 1456 4 1468 3 1502 4 1503 3 1553 5 1580 6 1584 12 1599 3 
73 0 1 4 4 11 1 17 64 18 3 32 2 51 16 60 8 121 3 137 6 144 3 196 1 201 4 251 3 260 4 277 1 286 3 333 8 346 2 348 1 408 3 445 3 490 1 568 3 569 8 598 3 617 6 622 2 643 7 647 3 674 6 698 2 703 2 728 3 772 5 822 30 823 6 832 3 838 10 903 3 909 9 950 71 1031 11 1037 6 1038 2 1039 2 1049 1 1051 57 1059 9 1120 2 1134 2 1150 1 1158 1 1190 3 1208 1 1242 10 1294 17 1298 2 1333 1 1339 11 1365 5 1381 6 1393 4 1423 3 1459 5 1465 1 1473 2 1479 2 1503 3 1512 2 1545 1 1569 4 1612 6 
42 13 3 48 7 50 9 129 9 138 2 145 2 179 8 184 5 197 5 206 4 212 5 228 20 301 2 309 1 414 8 459 11 489 2 556 12 652 1 674 1 715 1 984 27 996 4 1014 16 1028 14 1055 2 1193 3 1200 7 1208 2 1213 6 1249 3 1286 4 1352 3 1354 1 1368 3 1391 13 1452 13 1456 4 1515 9 1528 26 1570 2 1585 1 
30 45 20 58 6 64 3 80 11 291 1 311 12 328 23 345 30 400 72 436 8 488 9 498 6 500 1 802 2 976 144 1006 15 1030 2 1114 6 1156 15 1201 1 1265 5 1305 24 1307 8 1337 220 1340 12 1374 11 1499 8 1508 8 1541 32 1573 4 
24 91 26 223 11 304 7 323 3 331 1 389 1 406 20 561 1 606 1 735 1 753 9 769 30 889 18 906 2 969 8 972 12 1018 40 1074 28 1161 16 1224 9 1251 6 1309 28 1345 28 1350 2 
1 485 1 
58 4 2 8 2 16 1 17 26 48 1 62 60 93 4 140 1 159 1 171 1 182 3 229 4 234 37 259 3 353 3 393 5 414 7 461 2 568 2 601 4 616 9 661 4 697 19 724 7 729 1 788 2 820 2 832 2 846 3 884 1 919 5 929 2 942 7 946 2 983 48 987 34 993 1 1031 6 1032 2 1069 6 1082 1 1085 1 1158 3 1182 9 1218 2 1242 5 1288 2 1296 8 1327 6 1365 1 1378 27 1386 2 1393 4 1396 7 1453 5 1571 20 1608 1 1618 1 
61 29 7 50 9 63 1 75 20 76 15 138 9 145 8 181 7 206 4 232 12 289 1 318 1 325 2 355 10 385 18 441 2 452 2 473 21 519 12 564 4 586 1 685 19 710 22 712 5 749 2 777 38 779 2 832 10 862 1 871 9 893 3 904 6 908 4 933 4 956 1 999 9 1023 4 1027 30 1060 1 1062 4 1070 1 1071 30 1140 7 1142 11 1195 1 1200 6 1219 1 1226 20 1267 6 1297 1 1311 15 1333 2 1355 11 1368 1 1403 3 1475 5 1494 24 1578 29 1598 1 1599 2 1613 26 
40 4 13 27 1 108 6 137 4 184 1 206 3 364 2 369 3 376 29 446 4 457 7 481 5 506 1 544 1 625 4 653 1 656 4 661 8 692 21 793 11 816 35 832 12 1031 8 1056 4 1134 5 1148 4 1190 2 1235 5 1241 1 1252 5 1253 2 1310 1 1320 1 1327 5 1352 3 1381 6 1384 8 1446 18 1454 1 1540 1 
49 29 5 90 1 93 4 154 8 206 2 252 4 254 12 263 12 267 4 301 6 361 6 408 5 420 4 459 6 469 1 534 8 575 9 592 16 712 2 713 4 722 9 723 5 744 1 754 42 779 3 787 1 814 19 832 4 915 2 919 20 949 12 963 4 975 62 977 4 983 4 1021 2 1047 2 1098 6 1100 3 1112 3 1121 4 1171 2 1200 1 1208 3 1267 3 1389 1 1535 10 1563 6 1572 3 
37 17 97 25 3 43 1 148 1 285 2 301 4 322 1 341 6 348 1 414 10 469 2 547 1 596 7 601 1 674 4 718 1 779 8 784 3 832 10 881 3 1002 4 1055 3 1100 4 1200 5 1208 2 1215 18 1217 8 1223 1 1286 3 1311 20 1358 6 1381 6 1451 4 1456 4 1552 13 1580 24 1619 71 
44 32 2 60 11 81 1 111 1 137 2 184 2 206 3 209 3 322 1 329 6 383 21 414 10 416 2 674 4 677 2 693 1 703 12 724 20 740 4 749 1 754 45 827 6 931 5 1049 3 1069 2 1093 9 1119 1 1134 1 1182 3 1246 3 1252 1 1338 23 1352 2 1392 2 1453 9 1457 3 1464 2 1465 5 1466 1 1479 3 1480 6 1512 1 1545 2 1604 4 
24 80 2 217 1 279 11 291 1 365 4 418 6 449 1 458 1 524 1 559 1 576 19 593 9 704 15 709 1 716 8 760 35 774 10 955 1 966 17 1156 18 1306 12 1518 28 1541 21 1601 2 
68 12 4 28 20 40 1 41 20 44 23 47 1 67 24 71 15 73 2 99 20 142 1 165 1 187 4 282 1 299 1 302 3 305 2 315 9 415 39 422 30 467 20 476 16 509 2 520 35 528 3 540 1 583 92 633 19 667 30 696 1 763 1 778 2 792 57 800 19 896 24 922 1 926 2 936 1 939 1 943 4 971 30 990 13 1058 30 1063 1 1081 1 1122 11 1124 30 1125 21 1131 1 1136 13 1165 1 1184 15 1232 1 1243 40 1248 1 1254 1 1259 1 1260 1 1277 3 1300 20 1330 8 1361 1 1362 1 1421 16 1476 5 1524 1 1543 40 1549 1 
34 13 8 72 1 75 1 143 9 179 6 193 9 206 3 277 1 298 2 327 7 351 12 432 10 468 23 554 1 832 1 880 10 886 2 908 1 963 10 1020 1 1137 5 1148 1 1181 5 1200 1 1223 1 1228 2 1286 2 1311 1 1317 1 1488 4 1497 1 1502 4 1503 4 1584 10 
56 25 6 76 6 78 27 95 1 97 2 108 3 158 1 260 1 278 3 286 2 300 4 318 1 333 1 569 1 617 9 622 1 653 1 661 4 674 2 737 1 754 58 797 4 840 1 866 13 921 1 1001 3 1031 11 1038 2 1040 6 1049 1 1059 8 1083 2 1104 14 1134 3 1179 4 1193 13 1208 2 1242 8 1279 1 1286 2 1317 12 1336 4 1344 2 1370 1 1381 10 1413 86 1423 1 1453 6 1456 1 1466 3 1485 2 1491 10 1502 5 1503 4 1585 9 1612 4 
60 91 12 130 1 134 16 149 1 176 1 219 4 223 6 236 10 275 27 323 2 334 12 372 12 389 4 406 25 437 12 440 2 465 5 508 22 538 2 541 10 561 2 606 5 644 24 684 1 731 14 751 2 753 14 756 2 762 10 769 18 806 13 854 1 863 8 869 12 870 3 873 12 906 1 972 6 974 1 992 3 1033 1 1041 4 1078 1 1086 8 1138 3 1141 2 1161 5 1204 1 1224 18 1251 1 1379 5 1420 1 1448 18 1527 1 1539 4 1544 13 1554 16 1565 19 1581 11 1590 7 
1 147 5 
2 147 1 622 2 
50 7 50 11 4 50 9 72 16 93 1 110 13 206 1 227 6 232 2 242 2 259 9 324 4 563 2 616 1 627 4 666 11 687 5 722 17 779 7 810 1 812 9 827 2 832 5 853 11 959 4 1009 39 1037 10 1128 3 1150 2 1193 14 1198 6 1200 9 1267 4 1281 2 1333 2 1341 6 1402 1 1446 12 1450 1 1494 12 1502 4 1510 1 1534 3 1535 7 1542 30 1548 4 1551 24 1567 20 1572 3 1588 21 
72 16 31 29 1 32 2 51 21 53 2 69 7 72 1 92 1 96 1 97 1 101 1 119 1 137 7 182 1 206 1 229 5 238 4 240 1 317 12 353 2 405 8 408 5 461 4 462 3 501 4 514 1 546 1 616 1 625 1 629 3 661 4 695 2 697 19 737 1 740 3 742 24 745 1 758 1 772 23 832 9 881 1 916 1 942 8 944 1 946 2 980 1 984 1 996 3 1021 3 1031 9 1043 1 1062 10 1077 12 1083 1 1148 3 1188 8 1190 2 1212 2 1218 1 1242 5 1249 2 1264 1 1327 1 1344 2 1402 3 1488 1 1503 1 1506 1 1540 1 1578 3 1580 1 1608 5 
37 29 27 48 6 93 6 172 3 190 3 207 7 242 8 322 1 369 3 414 14 457 5 469 1 505 4 563 4 572 3 625 3 674 3 689 4 691 5 725 6 764 1 779 8 819 3 832 10 905 2 919 20 1004 1 1128 5 1171 6 1200 5 1267 3 1344 1 1381 3 1402 10 1422 3 1447 2 1502 5 
43 72 4 88 22 108 4 182 9 220 10 290 6 333 1 416 2 427 1 441 1 456 10 492 12 507 2 515 1 569 2 620 4 625 2 638 1 686 5 721 5 794 1 822 13 849 16 1031 2 1032 5 1035 1 1091 5 1093 98 1108 45 1157 2 1182 8 1189 11 1190 2 1228 1 1242 4 1310 1 1331 3 1333 2 1378 30 1446 7 1457 1 1506 2 1540 1 
69 0 2 29 1 32 3 43 6 92 1 108 1 137 3 158 2 162 4 190 2 196 3 261 1 262 3 277 1 322 1 333 1 353 1 361 3 376 8 416 1 441 5 490 2 569 2 622 3 653 1 674 4 680 6 689 1 708 24 714 1 728 1 737 2 752 7 832 13 885 2 899 4 910 6 931 17 1021 1 1038 1 1046 2 1091 6 1094 4 1109 5 1110 1 1133 1 1134 3 1189 1 1222 1 1242 2 1317 6 1349 7 1352 4 1365 6 1370 1 1378 3 1391 18 1393 2 1416 1 1439 2 1459 3 1461 6 1464 3 1466 1 1479 3 1538 6 1545 2 1594 3 1598 1 
41 29 1 89 1 104 1 138 1 145 7 206 1 252 4 262 2 296 11 332 1 463 2 469 2 473 1 519 14 552 1 627 4 673 3 674 1 687 6 689 3 715 1 858 274 879 10 924 10 984 1 1014 21 1076 23 1100 3 1193 16 1208 1 1245 4 1249 1 1286 5 1355 11 1403 9 1444 1 1455 2 1563 2 1580 11 1585 14 1615 1 
37 163 10 199 3 257 7 279 8 402 3 409 9 418 6 430 6 442 16 449 48 498 4 502 24 524 40 588 2 608 6 668 4 702 10 709 1 747 12 750 6 760 19 761 1 774 108 785 15 818 20 831 98 955 6 995 3 1089 12 1156 22 1196 12 1216 1 1304 26 1374 55 1438 2 1526 56 1610 23 
22 1 12 99 13 419 39 520 1 633 4 667 22 696 17 792 29 803 1 848 5 892 2 896 1 926 40 943 4 971 12 1063 1 1099 34 1136 10 1236 9 1277 25 1375 1 1385 14 
28 11 2 16 29 29 2 43 4 102 1 204 7 245 8 351 1 363 1 469 2 625 3 674 6 1021 1 1031 1 1082 1 1093 9 1189 1 1228 2 1269 6 1286 1 1296 1 1338 4 1381 1 1404 1 1466 1 1479 1 1512 3 1585 1 
34 88 1 242 4 307 2 390 1 392 1 564 1 617 2 627 1 665 1 674 3 737 5 903 1 980 1 1014 1 1027 1 1049 1 1059 7 1110 1 1134 2 1180 2 1231 1 1264 1 1339 1 1368 2 1381 1 1423 1 1450 5 1456 1 1466 1 1488 4 1503 3 1548 1 1585 1 1612 1 
22 91 1 178 43 219 5 223 1 295 20 304 13 368 14 538 4 541 10 611 1 756 3 852 10 870 6 972 8 982 22 1018 26 1033 2 1041 2 1074 2 1175 4 1420 4 1440 4 
1 147 1 
4 4 1 147 3 260 1 1618 1 
60 2 2 4 7 10 1 32 2 33 6 50 9 57 2 75 20 77 10 98 1 145 7 180 6 192 3 294 1 353 1 361 1 362 1 378 30 379 1 386 10 390 1 424 5 429 9 499 1 530 32 623 1 669 29 764 3 779 8 795 2 809 3 821 6 826 1 827 6 832 9 880 10 897 1 907 4 908 1 945 2 984 1 1005 8 1019 1 1031 1 1050 4 1150 2 1181 2 1242 4 1244 2 1310 1 1352 1 1355 12 1371 1 1381 1 1428 1 1445 3 1479 2 1503 6 1542 12 1586 18 
3 515 1 635 1 1007 2 
53 18 1 43 3 88 24 106 2 137 3 179 1 234 8 239 4 259 3 306 4 326 1 329 6 353 3 375 1 379 2 394 2 408 2 462 1 490 7 501 1 514 1 518 8 533 2 589 2 600 4 661 2 683 6 697 18 714 5 728 1 737 2 823 3 832 5 882 2 927 6 946 3 984 4 1028 39 1035 5 1189 3 1217 3 1228 3 1242 4 1378 30 1382 5 1402 4 1472 4 1492 9 1500 1 1529 7 1540 1 1605 7 1618 1 
44 59 3 97 2 98 1 108 4 122 1 136 13 237 2 284 12 288 5 326 3 336 5 398 2 420 6 457 19 469 2 518 6 625 4 671 1 713 1 749 1 779 4 791 3 860 2 875 2 890 13 908 1 925 3 959 2 977 10 1003 13 1028 28 1123 2 1242 4 1270 1 1355 12 1381 10 1395 1 1467 10 1479 1 1502 2 1548 15 1557 2 1567 14 1614 1 
37 21 2 262 1 294 2 301 6 376 21 413 3 444 3 469 1 547 3 577 7 613 2 671 8 674 3 675 1 689 4 695 16 775 1 779 4 849 3 867 10 875 4 894 3 937 10 949 11 985 13 1093 75 1123 2 1200 6 1237 19 1279 1 1286 4 1328 7 1402 7 1403 7 1467 5 1494 5 1502 4 
44 97 1 122 5 155 1 156 1 265 5 277 2 280 2 322 2 326 3 329 3 353 2 376 17 405 8 462 4 503 2 529 2 677 3 678 3 689 2 717 2 737 2 752 2 779 2 832 4 919 1 1028 1 1031 9 1091 12 1119 1 1134 2 1157 1 1193 3 1208 2 1237 3 1242 4 1268 4 1320 3 1352 3 1378 35 1392 4 1479 2 1530 1 1545 2 1585 20 
60 0 2 4 20 39 5 60 12 88 1 117 4 122 1 137 6 184 3 206 2 249 7 260 3 286 1 333 5 391 1 405 1 416 2 445 21 462 1 469 1 552 1 562 2 569 4 617 7 622 2 689 1 690 1 701 3 728 2 752 5 754 31 841 13 919 1 944 1 950 80 984 54 993 5 1037 9 1038 1 1044 17 1049 2 1056 2 1152 1 1179 5 1208 2 1264 1 1294 4 1317 6 1339 11 1360 14 1392 4 1393 2 1394 1 1446 6 1453 12 1459 6 1465 1 1488 6 1515 2 1545 2 
2 14 2 930 17 
38 25 1 50 9 138 12 145 7 184 2 193 8 197 1 206 2 255 9 301 3 319 3 340 1 364 8 414 4 519 3 579 3 607 34 625 5 674 4 876 10 924 6 1026 4 1064 1 1150 4 1181 2 1200 2 1208 1 1286 5 1368 1 1389 2 1451 5 1452 2 1456 6 1477 4 1503 1 1519 5 1567 10 1571 1 
19 381 3 442 5 641 3 650 5 730 40 747 10 750 1 761 10 839 3 918 5 976 144 1029 94 1156 22 1240 6 1340 6 1429 14 1526 46 1582 20 1601 2 
2 74 3 1618 1 
3 1177 5 1370 4 1618 1 
60 27 1 53 1 86 10 92 8 139 3 179 5 234 16 242 1 408 1 445 7 461 1 512 6 551 2 552 1 587 2 595 3 598 8 661 5 697 20 703 3 808 1 817 4 832 8 919 19 946 2 980 2 993 10 998 1 1017 2 1028 39 1031 14 1035 1 1062 4 1085 4 1093 97 1134 5 1135 4 1140 16 1158 3 1182 6 1189 1 1222 1 1228 1 1289 1 1293 1 1327 4 1343 1 1349 7 1353 3 1360 11 1386 1 1393 5 1402 6 1446 16 1461 24 1473 2 1540 1 1548 8 1608 2 1617 9 
63 32 4 46 1 50 9 63 1 66 12 75 6 76 13 93 1 145 6 162 2 180 8 190 1 206 4 232 7 273 3 300 3 342 6 374 12 378 30 380 4 462 3 469 2 530 21 552 2 564 1 570 4 603 4 734 7 799 16 827 6 862 1 880 3 893 1 905 6 965 3 979 9 1031 1 1049 3 1150 2 1172 12 1193 15 1200 3 1242 1 1249 3 1266 1 1292 8 1311 8 1352 4 1355 12 1368 1 1390 2 1402 15 1450 1 1455 20 1498 1 1503 4 1585 19 1588 1 1592 4 1595 17 1598 18 1600 7 1613 10 
51 4 20 43 3 101 11 108 4 109 5 111 4 159 12 206 3 231 4 317 5 454 2 457 3 462 4 522 3 588 3 616 1 625 1 656 2 661 4 737 2 742 10 744 1 757 2 758 1 794 1 832 3 859 18 909 16 963 8 977 2 980 2 1031 9 1069 1 1091 7 1178 4 1182 5 1190 4 1219 1 1246 1 1283 6 1294 2 1327 2 1342 1 1381 1 1426 1 1496 28 1506 2 1515 6 1528 16 1532 14 1609 9 
38 50 2 63 1 77 4 227 3 273 1 300 1 318 2 412 30 459 7 469 1 479 2 507 1 592 8 640 3 680 10 932 1 947 13 949 22 956 2 964 53 970 2 1021 1 1028 19 1037 5 1055 1 1075 24 1121 9 1197 7 1200 5 1242 1 1245 6 1266 1 1322 4 1344 6 1355 5 1450 1 1455 2 1563 6 
32 4 21 17 40 25 1 29 23 104 4 129 10 145 1 173 1 189 1 206 2 237 1 414 14 469 2 472 5 475 1 536 2 625 1 674 1 748 3 779 8 830 1 924 11 1031 9 1286 2 1311 15 1316 16 1355 12 1402 10 1451 6 1502 4 1580 9 1615 2 
49 60 1 78 69 137 6 144 1 155 1 184 3 206 3 225 3 235 2 286 1 290 4 329 4 376 9 408 3 497 1 515 2 560 12 588 3 625 2 699 1 737 1 779 3 794 2 853 1 868 3 929 2 985 4 1031 1 1049 3 1069 1 1070 6 1102 2 1119 3 1158 3 1242 4 1247 4 1252 5 1278 20 1344 2 1349 3 1352 3 1392 4 1453 1 1464 1 1469 15 1479 2 1557 2 1593 29 1608 1 
56 3 36 52 5 85 51 91 12 130 2 149 5 198 2 219 6 223 5 304 5 334 24 349 12 368 7 384 10 389 7 406 1 483 92 491 1 495 14 538 12 539 8 541 11 543 5 561 2 606 1 619 6 632 3 644 24 682 7 684 4 731 9 735 2 751 23 753 10 756 3 806 37 863 3 869 12 940 28 962 7 969 6 974 2 1018 46 1041 1 1138 4 1141 27 1175 2 1224 9 1251 10 1399 1 1448 10 1514 1 1539 1 1560 1 1565 15 1574 41 
50 4 4 18 2 23 1 56 1 88 1 108 1 182 1 196 1 222 1 245 1 271 3 278 3 329 6 332 1 333 1 408 3 445 3 490 10 506 2 569 2 674 1 703 9 737 1 741 1 795 4 832 400 858 30 884 2 913 1 991 4 1049 4 1059 1 1083 5 1134 3 1155 2 1193 16 1293 6 1317 1 1368 6 1370 1 1378 1 1381 6 1402 10 1424 2 1466 4 1502 5 1503 3 1510 3 1577 2 1612 3 
58 13 8 43 3 50 6 108 3 110 25 129 5 179 3 190 4 262 2 298 2 353 2 413 7 414 14 441 10 452 1 505 5 567 3 573 10 625 4 649 3 662 20 674 4 754 58 779 3 832 1 865 13 909 40 925 1 948 1 961 9 963 13 968 3 991 3 996 5 1026 1 1050 1 1055 1 1110 2 1119 3 1150 2 1189 11 1200 5 1208 4 1223 1 1249 3 1280 4 1286 4 1324 1 1327 6 1333 1 1352 1 1427 1 1452 14 1488 6 1563 3 1567 8 1585 1 1619 1 
32 120 28 132 3 165 9 287 2 422 20 435 1 464 11 467 49 618 1 633 1 696 30 763 82 792 30 807 2 896 21 922 19 926 40 971 1 1054 11 1058 1 1063 18 1099 58 1124 20 1136 1 1223 11 1250 3 1254 1 1257 156 1415 13 1486 1 1511 1 1543 21 
2 74 2 147 2 
1 635 1 
91 833
